FR0000060402;25/04/22;44.48;44.50;43.28;44.20;56010
FR0000120404;25/04/22;29.64;30.66;29.55;30.35;632868
FR0000045072;25/04/22;10.41;10.61;10.316;10.432;10391113
FR0010340141;25/04/22;140.85;144.00;140.15;141.35;59783
FR0000031122;25/04/22;4.118;4.162;4.055;4.055;2103326
FR0000120073;25/04/22;159.50;160.62;157.56;159.34;769829
NL0000235190;25/04/22;102.50;105.10;102.20;103.00;1384818
FR0004180537;25/04/22;48.95;49.00;48.25;48.25;274796
FR0010313833;25/04/22;109.65;111.05;108.95;109.15;82728
FR0013258662;25/04/22;12.66;12.76;12.50;12.64;113299
FR0010220475;25/04/22;21.50;21.89;21.37;21.86;1218447
FR0000033219;25/04/22;148.60;150.00;148.00;149.20;2935
FR0014004L86;25/04/22;156.10;159.70;154.30;157.30;71657
FR0004125920;25/04/22;59.90;59.90;58.45;58.55;216529
FR0014005AL0;25/04/22;27.16;27.50;25.62;25.92;41310
LU0569974404;25/04/22;36.55;36.93;35.30;35.43;395399
FR0014003U94;25/04/22;6.10;6.165;5.835;5.835;137056
FR0000039216;25/04/22;650.00;650.00;650.00;650.00;1
FR0010481960;25/04/22;118.20;118.20;116.00;116.60;5017
FR0000076952;25/04/22;4800.00;4800.00;4800.00;4800.00;4
FR0000071946;25/04/22;127.10;128.10;125.00;126.60;23690
FR0000051732;25/04/22;22.69;23.85;22.17;22.64;1222476
MC0000031187;25/04/22;67.60;68.40;66.80;67.00;1309
FR0004023208;25/04/22;65.60;65.80;65.20;65.80;68
FR0000120966;25/04/22;48.68;48.96;47.54;48.96;40961
FR0000035164;25/04/22;13.16;13.16;12.72;12.86;61596
FR0013280286;25/04/22;89.60;91.36;88.64;91.10;70159
FR0014003FE9;25/04/22;12.44;12.44;12.00;12.18;25383
FR0000120644;25/04/22;54.27;56.31;53.92;56.18;2320589
FR0000131104;25/04/22;50.87;51.92;50.49;50.85;3460198
FR0000039299;25/04/22;4.566;4.57;4.46;4.55;749997
FR0000061137;25/04/22;572.00;572.00;560.00;564.00;31
FR0006174348;25/04/22;26.74;26.84;26.49;26.74;596717
FR0000120172;25/04/22;19.515;19.935;19.40;19.80;2685289
FR0000125338;25/04/22;188.65;190.65;187.05;188.00;342924
FR0010828137;25/04/22;15.58;15.76;15.04;15.56;66675
US1491231015;25/04/22;195.00;203.00;195.00;197.00;144
FR0000045601;25/04/22;848.00;848.00;848.00;848.00;2
FR0000130403;25/04/22;598.00;602.50;583.00;587.50;6805
FR0000120222;25/04/22;21.80;21.82;21.80;21.80;406977
NL0010949392;25/04/22;5.24;5.24;5.02;5.02;229
FR0000125585;25/04/22;16.46;17.10;16.44;16.80;368851
FR0010667147;25/04/22;11.63;11.80;11.48;11.51;381697
FR0000064578;25/04/22;68.40;69.70;67.75;68.80;148723
FR0000060303;25/04/22;15.70;15.80;15.55;15.70;4192
FR0000120628;25/04/22;26.115;26.33;25.73;25.775;6840867
FR0000053381;25/04/22;9.04;9.06;8.86;8.88;236162
FR0000077919;25/04/22;20.48;20.64;20.18;20.30;128857
FR0000125486;25/04/22;93.00;95.23;92.85;94.10;1772052
GB0002374006;25/04/22;46.00;46.60;45.60;46.60;1898
FR0013154002;25/04/22;314.70;318.40;307.80;310.10;63859
FR0014003TT8;25/04/22;39.82;40.135;39.29;39.875;1082320
FR0010908533;25/04/22;48.08;49.01;47.84;48.61;649937
FR0010242511;25/04/22;8.692;9.088;8.692;9.032;5594526
FR0000121667;25/04/22;162.75;166.05;162.05;163.90;593875
FR0011950732;25/04/22;2.93;3.064;2.894;3.004;1144988
FR0012435121;25/04/22;13.83;14.12;13.68;14.02;297768
FR0000120503;25/04/22;31.94;32.57;31.83;32.57;1539507
FR0010208488;25/04/22;11.196;11.586;11.144;11.56;10046772
NL0006294274;25/04/22;78.62;78.86;76.64;77.72;193285
FR0000121147;25/04/22;22.41;23.16;22.11;22.91;1335184
FR0000131757;25/04/22;132.10;133.90;128.50;131.30;119040
FR0014000MR3;25/04/22;88.50;91.40;88.12;91.12;375679
FR0010221234;25/04/22;10.35;10.60;10.29;10.49;469996
FR0012789949;25/04/22;0.501;0.5044;0.501;0.5024;616252
FR0014005DA7;25/04/22;18.76;18.76;18.00;18.36;2290
FR0013451333;25/04/22;35.00;35.42;34.38;34.86;337581
FR0000130452;25/04/22;93.94;95.98;93.62;94.58;229791
FR0000050353;25/04/22;20.45;20.50;19.86;20.40;18873
FR0000033409;25/04/22;84.80;85.60;84.80;85.20;441
FR0011476928;25/04/22;47.44;47.66;46.44;47.50;50991
FR0013176526;25/04/22;17.06;17.51;16.795;17.26;1083877
FR0000044471;25/04/22;23.90;23.90;23.60;23.70;1485
FR0010533075;25/04/22;17.22;17.805;17.165;17.675;1175543
FR0010040865;25/04/22;109.90;111.60;108.70;109.80;93125
FR0000130809;25/04/22;23.78;23.87;23.255;23.465;3607980
US3696043013;25/04/22;81.00;82.90;80.80;81.40;353
FR0011726835;25/04/22;110.30;113.70;110.10;112.80;102446
FR0000121329;25/04/22;122.25;124.30;121.15;123.45;394983
CH0012214059;25/04/22;46.25;47.50;45.70;47.05;77972
MA0000011488;25/04/22;12.60;12.60;12.55;12.55;433
FR0000035081;25/04/22;60.10;60.20;58.95;59.30;68253
FR0010929125;25/04/22;297.00;297.50;292.00;293.50;4193
FR0010259150;25/04/22;110.00;110.70;108.70;109.80;97847
FR0000073298;25/04/22;47.00;47.55;46.20;46.85;51620
FR0004024222;25/04/22;51.80;51.80;50.50;50.70;60599
FR0000121485;25/04/22;518.00;521.00;502.40;506.20;345032
FR0010386334;25/04/22;20.10;20.24;19.72;20.12;98734
FR0000121964;25/04/22;22.75;23.23;22.41;22.94;596020
FR0013204336;25/04/22;88.80;89.00;88.60;88.60;421
FR0010307819;25/04/22;83.84;84.34;82.58;83.86;575538
FR0000065484;25/04/22;39.85;40.30;39.45;40.00;21540
FR0000121014;25/04/22;627.00;630.00;608.50;615.60;567172
FR0000121204;25/04/22;94.40;94.55;92.90;93.55;53456
FR0000121261;25/04/22;115.60;117.55;115.25;116.95;476263
FR0000130213;25/04/22;24.92;24.98;24.92;24.96;71832
FR0000053225;25/04/22;18.21;18.43;18.12;18.25;46094
FR0000076986;25/04/22;6250.00;6250.00;6250.00;6250.00;1
US58933Y1055;25/04/22;77.70;78.90;77.70;78.90;228
LU1598757687;25/04/22;28.75;28.80;26.92;26.92;8757557
FR0000038606;25/04/22;23.10;23.30;22.55;23.00;31985
FR0011675362;25/04/22;37.71;39.36;37.44;38.30;145113
FR0000044448;25/04/22;82.25;83.65;82.05;82.60;44431
FR0000120859;25/04/22;37.52;37.92;37.22;37.64;63106
FI0009000681;25/04/22;4.7745;4.8505;4.759;4.7955;196776
FR0010112524;25/04/22;30.00;30.08;29.60;29.74;85265
FR0000062234;25/04/22;1104.00;1116.00;1090.00;1100.00;536
FR0000120321;25/04/22;345.00;347.75;338.35;341.90;509353
FR0000133308;25/04/22;11.062;11.184;10.992;11.136;6967473
FR0000184798;25/04/22;35.00;35.00;33.58;34.45;414142
FR0014005HJ9;25/04/22;21.43;21.59;20.93;21.19;100379
FR0000064784;25/04/22;109.00;109.00;105.00;106.20;8762
FR0012882389;25/04/22;79.10;79.60;77.90;79.20;10504
FR0000124570;25/04/22;15.41;15.67;15.18;15.42;158439
FR0000130577;25/04/22;57.00;57.58;56.46;56.96;581990
FR0000039091;25/04/22;885.00;885.00;842.00;845.00;714
FR0000130395;25/04/22;184.00;187.00;182.70;186.30;66382
FR0000121634;25/04/22;123.50;124.50;123.00;124.50;125
FR0000121121;25/04/22;77.75;77.75;75.15;75.50;120634
FR0000120693;25/04/22;190.10;194.05;189.30;192.35;356606
FR0000052516;25/04/22;44.60;44.90;43.95;44.65;5906
FR0000052292;25/04/22;1194.50;1208.50;1165.00;1179.00;82153
FR0000131906;25/04/22;23.00;23.48;22.485;23.115;1673876
FR0000031684;25/04/22;37.10;37.25;36.35;36.35;17567
FR0013269123;25/04/22;25.70;25.84;25.17;25.28;180729
FR0010451203;25/04/22;20.40;20.50;19.66;19.66;1216830
FR0000073272;25/04/22;105.52;106.36;104.06;104.06;794810
FR0000120578;25/04/22;100.04;101.50;98.90;100.90;2029735
FR0010411983;25/04/22;26.64;26.66;26.12;26.40;419643
LU0088087324;25/04/22;8.566;8.714;8.514;8.592;603663
FR0010282822;25/04/22;87.00;88.40;86.00;87.60;6702
FR0000125007;25/04/22;54.19;54.91;53.95;54.49;1214371
FR0000121709;25/04/22;121.70;122.10;119.40;120.60;119234
AN8068571086;25/04/22;38.65;39.25;34.85;35.05;73428
FR0013199916;25/04/22;132.20;132.20;127.00;128.40;10111
FR0013227113;25/04/22;153.00;155.95;151.30;154.10;47260
FR0000050809;25/04/22;170.00;171.30;166.40;168.70;23851
FR0012757854;25/04/22;22.30;22.76;22.10;22.44;167360
FR0000064271;25/04/22;96.00;96.00;94.20;94.70;1027
NL00150001Q9;25/04/22;12.948;13.004;12.65;12.836;4766530
NL0000226223;25/04/22;34.245;35.495;34.11;35.275;2337219
FR0000121972;25/04/22;138.36;141.22;137.46;139.02;945040
FR0000121220;25/04/22;71.74;75.28;71.18;72.34;376052
NL0014559478;25/04/22;12.34;12.34;11.465;11.58;1071072
FR0000051807;25/04/22;337.70;342.80;334.50;341.00;90443
FR0000054900;25/04/22;8.35;8.52;8.30;8.485;221289
FR0013230612;25/04/22;22.50;22.50;22.00;22.15;10713
FR0004188670;25/04/22;12.82;12.98;12.74;12.98;5261
FR0005691656;25/04/22;126.00;126.00;123.10;124.20;19304
FR0000120271;25/04/22;45.00;45.185;44.03;44.03;7062909
FR0000054470;25/04/22;38.39;45.18;37.78;42.08;2936334
FR0000054215;25/04/22;1000.00;1000.00;1000.00;1000.00;2
FR0013326246;25/04/22;68.57;70.86;68.10;70.17;475074
FR0000031775;25/04/22;30.45;30.65;30.15;30.45;53886
FR0004186856;25/04/22;126.00;126.80;123.00;124.00;4314
FR0000124141;25/04/22;28.32;29.09;28.16;28.66;1972850
FR0000031577;25/04/22;372.50;378.00;368.50;378.00;6138
FR0000127771;25/04/22;11.40;11.585;11.335;11.535;2788075
FR0013506730;25/04/22;11.13;11.155;10.565;10.565;1094012
FR0004056851;25/04/22;13.20;13.98;12.555;12.95;2495292
FR0011995588;25/04/22;19.30;20.45;19.12;20.45;40156
FR0013447729;25/04/22;26.28;26.56;25.48;25.72;136752
FR0013357621;25/04/22;47.75;47.75;46.55;47.60;10740
FR0011981968;25/04/22;34.69;35.58;34.27;35.18;735908
BE0974310428;25/04/22;6.205;6.25;6.06;6.18;195152
FR0014000T90;25/04/22;9.90;9.90;9.90;9.90;101
FR0000062465;25/04/22;15.60;15.60;15.00;15.00;55
FR0010557264;25/04/22;10.30;10.42;10.13;10.40;58468
FR0004040608;25/04/22;7.42;7.43;7.31;7.35;29323
FR0012333284;25/04/22;20.45;20.95;19.68;20.95;16977
FR0014007ZB4;25/04/22;13.48;13.48;13.48;13.48;106
FR0000053027;25/04/22;17.30;17.62;17.10;17.26;8394
FR0000074148;25/04/22;43.00;43.00;41.60;41.90;4186
FR0000063737;25/04/22;56.00;56.00;53.60;53.80;8232
FR0011040500;25/04/22;16.85;16.95;16.85;16.90;4972
FR0000074072;25/04/22;14.94;15.06;14.62;14.88;29709
FR0000035370;25/04/22;38.15;38.40;37.75;38.00;4814
FR0000062150;25/04/22;179.00;179.00;179.00;179.00;1
FR0000061129;25/04/22;39.95;40.95;39.20;40.55;6090
FR0000063935;25/04/22;16.88;16.88;16.34;16.34;8894
FR0000045528;25/04/22;74.20;74.31;74.11;74.31;154
FR0010193052;25/04/22;8.29;8.29;8.06;8.16;110035
FR0000053324;25/04/22;14.96;15.28;14.56;15.28;78893
FR0000036675;25/04/22;66.00;67.40;65.00;65.40;2022
FR0013181864;25/04/22;1.049;1.0635;1.022;1.034;9434369
FR0000053506;25/04/22;24.20;24.20;23.50;24.10;11188
FR0000045213;25/04/22;64.45;64.48;63.80;64.48;54
FR0013426004;25/04/22;3.528;3.58;3.48;3.534;201605
FR0000185514;25/04/22;18.72;18.888;18.70;18.888;3102
FR0010483768;25/04/22;22.10;22.50;22.10;22.19;4061
FR0000130692;25/04/22;18.20;18.20;17.63;17.69;64173
FR0010417345;25/04/22;2.69;2.70;2.622;2.632;80445
GA0000121459;25/04/22;179.50;179.50;177.00;178.00;937
FR0000036816;25/04/22;26.80;26.90;26.40;26.70;1222
FR0011466069;25/04/22;6.67;6.67;6.45;6.51;38304
FR0000031023;25/04/22;106.00;106.00;106.00;106.00;172
FR0000120669;25/04/22;50.60;52.00;47.30;50.40;61627
FR0004110310;25/04/22;65.40;66.00;65.40;66.00;323
FR0000054678;25/04/22;3.25;3.30;3.21;3.21;10930
FR0004527638;25/04/22;69.80;69.80;67.80;69.20;320
FR0011665280;25/04/22;5.42;5.49;5.41;5.42;3528
FR0014005SB3;25/04/22;3.28;3.29;3.23;3.25;7088
FR0010588079;25/04/22;33.20;33.20;33.20;33.20;39
FR0000030611;25/04/22;13.40;13.40;13.40;13.40;1
FR0000034894;25/04/22;103.00;104.00;103.00;103.00;32
FR0000032526;25/04/22;25.50;25.50;24.70;25.20;24836
FR0000066672;25/04/22;17.76;17.84;17.44;17.50;14326
FR0004163111;25/04/22;3.45;3.528;3.39;3.478;156431
FR0000062671;25/04/22;19.50;19.50;18.90;19.16;17457
FR0000065971;25/04/22;170.00;170.00;161.50;166.00;906
FR0000066722;25/04/22;12.70;13.08;12.40;12.78;62699
FR0014003VY4;25/04/22;31.20;31.60;28.10;28.90;8684
FR0004159473;25/04/22;30.70;30.70;29.90;30.00;2254
FR0014004J15;25/04/22;9.90;9.90;9.85;9.85;2852
FR0000051393;25/04/22;56.00;56.00;55.80;55.80;272
FR0000030827;25/04/22;226.00;226.00;224.00;224.00;175
FR0000033243;25/04/22;63.00;63.20;61.80;63.20;397
FR0010341032;25/04/22;47.00;47.00;46.80;47.00;256
FR0000071797;25/04/22;54.60;55.00;54.40;55.00;616
FR0010331421;25/04/22;2.80;2.826;2.688;2.72;162064
FR0013233012;25/04/22;9.90;9.90;9.50;9.60;11829
FR0012872141;25/04/22;10.90;11.05;10.85;11.05;376
FR0000033904;25/04/22;21.90;21.90;20.75;20.90;19559
FR0004007813;25/04/22;29.05;29.05;28.40;28.60;28800
FR0000066607;25/04/22;40.50;40.50;39.50;39.80;244
FR0000032278;25/04/22;0.441;0.465;0.4375;0.4405;79483
FR0000038242;25/04/22;20.45;21.20;20.35;21.20;8676
FR0004156297;25/04/22;42.40;43.90;41.80;43.50;1683
FR0004170017;25/04/22;35.90;35.90;35.05;35.90;6236
FR00140006O9;25/04/22;1.118;1.148;1.094;1.14;283600
FR0006864484;25/04/22;90.00;90.80;89.20;90.60;173
FR0000053837;25/04/22;26.53;26.70;26.11;26.70;4583
FR0000030074;25/04/22;535.00;535.00;535.00;535.00;10
FR0000032302;25/04/22;67.00;67.00;66.20;66.20;56
FR0000051070;25/04/22;4.25;4.36;3.97;4.185;1229468
FR0000060873;25/04/22;1.31;1.335;1.31;1.33;2521
FR0011742329;25/04/22;18.40;18.52;18.01;18.39;90236
FR0013153541;25/04/22;17.64;17.64;17.33;17.56;51293
FR0004065605;25/04/22;5.50;5.80;5.18;5.73;66550
FR0010241638;25/04/22;9.255;9.35;9.14;9.235;421961
FR0004177046;25/04/22;5.88;5.95;5.61;5.63;100766
FR0000039620;25/04/22;31.65;31.75;31.05;31.35;14877
FR0013482791;25/04/22;5.85;6.12;5.76;6.04;132981
FR0011341205;25/04/22;5.95;5.95;5.79;5.95;24246
FR0012789386;25/04/22;88.00;88.00;88.00;88.00;19
FR0012650166;25/04/22;13.80;13.80;13.04;13.50;2574
FR0000121691;25/04/22;6.14;6.14;6.04;6.06;8769
FR0004050250;25/04/22;36.30;36.30;35.10;35.10;1190
FR0000060535;25/04/22;186.00;186.00;186.00;186.00;2
FR0012127173;25/04/22;7.54;7.685;7.50;7.50;16131
FR0012612646;25/04/22;20.00;20.00;19.90;19.95;78
FR0011027135;25/04/22;18.85;19.00;18.80;18.80;485
FR0000053514;25/04/22;9.26;9.30;9.00;9.00;1001
FR0000061459;25/04/22;97.00;97.60;97.00;97.60;71
FR0000066755;25/04/22;3.895;3.90;3.85;3.85;2400
FR0012432516;25/04/22;2.065;2.185;2.065;2.115;33524
FR0014004EC4;25/04/22;32.00;33.30;32.00;33.30;200
FR0012613610;25/04/22;2.74;2.745;2.655;2.665;37487
FR0000120560;25/04/22;16.94;17.39;16.59;17.19;60279
FR0000060618;25/04/22;3.25;3.28;3.11;3.28;58462
FR0013344173;25/04/22;35.00;35.20;34.30;34.30;481
FR0013379484;25/04/22;6.70;6.73;6.50;6.652;703015
FR0000060071;25/04/22;211.00;214.00;210.00;211.00;165
FR0000120107;25/04/22;63.00;63.00;61.40;61.70;1522
FR0000052680;25/04/22;13.70;13.85;13.70;13.70;2110
FR0000039109;25/04/22;75.00;75.00;72.70;73.00;2698
FR0000032658;25/04/22;36.70;36.70;36.00;36.45;1031
FR0004175842;25/04/22;96.50;96.50;96.50;96.50;1
FR0004155000;25/04/22;3.30;3.335;2.97;3.01;123973
FR0013183985;25/04/22;2.058;2.072;2.004;2.05;169599
FR0000074122;25/04/22;44.00;44.50;44.00;44.00;4571
FR0013214145;25/04/22;6.55;6.625;6.395;6.50;84214
FR0013006558;25/04/22;1.50;1.63;1.50;1.628;215862
FR0004180578;25/04/22;51.80;53.20;51.40;52.70;30255
FR0013505062;25/04/22;3.182;3.23;3.132;3.132;75748
FR0013295789;25/04/22;30.00;30.80;30.00;30.00;1327
FR0013333432;25/04/22;94.00;95.30;93.40;94.70;2598
FR0005175080;25/04/22;2.375;2.385;2.32;2.355;48261
FR0000034548;25/04/22;19.00;19.20;18.40;18.60;5780
FR0000050049;25/04/22;5.92;5.92;5.86;5.86;675
FR0000062796;25/04/22;17.50;17.70;17.30;17.35;2179
FR0010309096;25/04/22;33.20;33.20;33.20;33.20;21
FR0012532810;25/04/22;35.90;35.90;34.25;35.20;9321
FR0004034072;25/04/22;41.40;41.40;40.60;40.60;1754
FR0013341781;25/04/22;4.72;4.755;4.66;4.72;10732
FR0013185857;25/04/22;16.95;16.95;16.95;16.95;30
FR0012616852;25/04/22;1.99;2.035;1.97;1.972;48989
FR0000064602;25/04/22;0.486;0.49;0.465;0.48;15036
FR0011184241;25/04/22;4.55;4.61;4.55;4.57;5611
FR0012821890;25/04/22;1.80;1.83;1.80;1.83;1048
FR0000053043;25/04/22;19.00;19.40;19.00;19.40;1241
FR0013333077;25/04/22;4.24;4.30;4.24;4.30;1191
US00774B2088;25/04/22;8.00;8.00;8.00;8.00;20
BE0974269012;25/04/22;0.087;0.087;0.087;0.087;5000
FR0010395681;25/04/22;7.06;7.10;7.06;7.10;251
FR0012789667;25/04/22;2.76;2.76;2.68;2.68;1481
FR0012185536;25/04/22;19.30;19.30;19.30;19.30;1
FR0010478248;25/04/22;0.177;0.177;0.171;0.1718;1342425
FR0011992700;25/04/22;12.00;12.00;11.64;11.70;1175
FR0000076655;25/04/22;3.95;4.00;3.875;4.00;4510
FR0000039232;25/04/22;10.35;10.95;10.20;10.95;3466
FR0013183589;25/04/22;21.60;21.60;20.90;21.00;756
FR0013529815;25/04/22;0.0094;0.0096;0.0091;0.0092;8664321
FR0013258399;25/04/22;1.01;1.01;0.982;1.006;83569
FR0000062341;25/04/22;7.05;7.05;7.05;7.05;8174
BE0974280126;25/04/22;0.369;0.369;0.35;0.36;63627
FR0000074254;25/04/22;3.15;3.26;3.12;3.26;1354
FR0000062788;25/04/22;8.70;8.70;8.70;8.70;23
FR0010151589;25/04/22;10.90;11.20;10.60;10.60;1002
FR0000072894;25/04/22;4.90;4.97;4.82;4.90;42715
FR0000045544;25/04/22;73.00;73.01;72.50;72.50;60
FR0010193979;25/04/22;3.85;3.855;3.82;3.83;22409
FR0006239109;25/04/22;9.25;9.25;9.10;9.10;2233
FR0000044364;25/04/22;89.50;89.50;88.01;89.49;148
FR0000054322;25/04/22;0.0919;0.092;0.0815;0.0879;933367
FR0000045551;25/04/22;66.00;66.00;66.00;66.00;34
FR0004031763;25/04/22;2.34;2.34;2.26;2.34;117
FR0013018124;25/04/22;1.67;1.68;1.644;1.68;76078
FR0000044323;25/04/22;74.01;74.21;74.00;74.00;76
FR0000185506;25/04/22;85.60;85.60;84.00;84.02;223
FR0010461053;25/04/22;50.00;50.83;50.00;50.06;323
FR0000045239;25/04/22;64.20;64.20;64.00;64.00;53
FR0000045346;25/04/22;128.98;129.00;128.50;129.00;158
FR0000045304;25/04/22;71.49;71.49;69.50;69.50;159
FR0000064446;25/04/22;10.00;10.05;10.00;10.05;241
FR0000062978;25/04/22;35.00;35.00;33.20;34.40;1935
FR0000065260;25/04/22;470.00;470.00;470.00;470.00;28
FR0000054199;25/04/22;0.131;0.1385;0.131;0.138;67415
FR0000035784;25/04/22;3.04;3.04;2.99;3.02;4395
FR0000076861;25/04/22;1.615;1.615;1.58;1.58;244
FR0011471135;25/04/22;1.33;1.90;1.234;1.572;4053675
FR0000038499;25/04/22;8.85;8.85;8.85;8.85;4
FR0014003AQ4;25/04/22;62.00;62.00;61.00;61.00;21
FR0011271600;25/04/22;2.81;2.81;2.654;2.704;86429
FR0000063034;25/04/22;24.40;24.40;24.40;24.40;50
FR0013030152;25/04/22;53.30;53.50;50.10;50.90;13486
FR0000060824;25/04/22;0.176;0.176;0.176;0.176;2100
FR0000038184;25/04/22;0.141;0.142;0.133;0.133;7697
FR0014004X25;25/04/22;16.20;16.60;15.90;16.60;869
SN0000033192;25/04/22;2.38;2.38;2.38;2.38;1
FR0000074197;25/04/22;0.487;0.487;0.486;0.486;301
FR0011277391;25/04/22;0.0262;0.027;0.026;0.027;150546
FR0000053035;25/04/22;85.00;85.50;85.00;85.50;8
FR0000072373;25/04/22;1.11;1.134;1.05;1.08;81741
CH0308403085;25/04/22;3.24;3.24;3.22;3.22;352
FR0010214064;25/04/22;41.80;42.10;41.40;42.10;303
FR0011799907;25/04/22;0.1012;0.1025;0.0981;0.10;632576
FR0000054231;25/04/22;5.70;5.70;5.62;5.66;3635
FR0004165801;25/04/22;1.84;1.84;1.84;1.84;10
FR0000065278;25/04/22;12.35;13.00;12.25;13.00;6137
FR0000066219;25/04/22;50.00;50.00;50.00;50.00;27
FR0000124232;25/04/22;25.01;25.01;25.01;25.01;1
FR0004026151;25/04/22;3.96;3.97;3.96;3.97;59860
FR0000121295;25/04/22;85.60;86.00;85.00;85.00;78
FR0013233475;25/04/22;0.76;0.77;0.741;0.76;63669
FR0012634822;25/04/22;12.60;12.65;12.10;12.65;935
FR0010298620;25/04/22;1.17;1.175;1.17;1.175;44
FR0010609263;25/04/22;0.592;0.592;0.57;0.572;38027
FR00140085W6;25/04/22;27.30;27.30;27.00;27.00;51
FR0000077570;25/04/22;1.22;1.226;1.20;1.22;35477
FR0013018041;25/04/22;1.692;1.692;1.635;1.67;226718
FR0010428771;25/04/22;2.32;2.34;2.23;2.23;58536
FR0000075392;25/04/22;5.42;5.42;5.20;5.24;2026
FR0010609206;25/04/22;0.77;0.774;0.77;0.774;1994
FR0010263202;25/04/22;60.50;60.50;60.00;60.00;169
FR0004038263;25/04/22;4.84;4.94;4.79;4.875;17489
FR0013318813;25/04/22;27.00;27.00;27.00;27.00;20
FR0000074783;25/04/22;8.10;8.10;7.72;7.95;17508
FR0004052561;25/04/22;0.14;0.14;0.14;0.14;100
FR0000038465;25/04/22;5.18;5.30;5.12;5.16;601
FR0013252186;25/04/22;5.19;5.42;5.08;5.41;14246
FR0000061418;25/04/22;27.80;27.80;27.80;27.80;1
FR0011950682;25/04/22;18.42;18.42;17.52;17.52;9320
FR0004016699;25/04/22;27.60;27.70;27.30;27.50;3032
FR0000065864;25/04/22;22.10;22.40;22.10;22.10;150
FR0011289040;25/04/22;29.00;29.10;28.90;29.10;10299
FR0007317813;25/04/22;6.54;6.60;6.50;6.60;4025
FR0000066482;25/04/22;63.50;63.50;63.50;63.50;10
FR0000033003;25/04/22;8.12;8.12;8.00;8.00;1121
FR0000073041;25/04/22;6.74;7.27;6.61;6.95;44703
FR0010291245;25/04/22;0.96;1.014;0.94;1.014;78482
NL0010273694;25/04/22;0.075;0.075;0.075;0.075;1
PTAZR0AM0006;25/04/22;0.242;0.242;0.242;0.242;50
FR0013285103;25/04/22;1.89;1.89;1.89;1.89;111
FR0014003V77;25/04/22;3.70;3.70;3.70;3.70;249
FR0010436170;25/04/22;0.54;0.54;0.54;0.54;880
CH1148983609;25/04/22;11.70;11.70;11.70;11.70;50
CH0451123589;25/04/22;12.00;12.60;12.00;12.60;3975
FR0014003RM7;25/04/22;0.41;0.41;0.41;0.41;1110
FR0000037871;25/04/22;700.00;700.00;700.00;700.00;1
FR0012384907;25/04/22;1.80;1.80;1.80;1.80;1314
FR0000060428;25/04/22;115.00;115.00;115.00;115.00;4
FR0000052755;25/04/22;0.308;0.308;0.308;0.308;450
FR0010492181;25/04/22;14.90;14.90;14.90;14.90;1
FR0013222346;25/04/22;0.0045;0.0045;0.0045;0.0045;5050
FR0010823724;25/04/22;0.05;0.05;0.05;0.05;342
FR0011100759;25/04/22;1.50;1.50;1.50;1.50;60
IT0005454175;25/04/22;14.65;14.65;14.65;14.65;200
FR0013371507;25/04/22;0.06;0.06;0.06;0.06;15280
DE000A11Q133;25/04/22;146.00;150.00;146.00;150.00;18
FR0005843125;25/04/22;100.00;100.00;100.00;100.00;1
FR0000065773;25/04/22;4.98;5.00;4.98;5.00;163
FR0010680033;25/04/22;0.478;0.478;0.478;0.478;416
FR00140007I9;25/04/22;4.94;4.94;4.94;4.94;17
FR0004155208;25/04/22;12.20;12.20;12.20;12.20;295
FR0010328302;25/04/22;7.10;7.10;7.10;7.10;482
FR0004157543;25/04/22;4.00;4.00;4.00;4.00;200
FR0010500363;25/04/22;0.99;0.99;0.99;0.99;50
FR0013310281;25/04/22;0.70;0.70;0.70;0.70;160
FR0013266772;25/04/22;3.12;3.12;3.12;3.12;5206
FR0014003I41;25/04/22;1.98;1.98;1.98;1.98;50
BE0948608451;25/04/22;1.15;1.15;1.15;1.15;1275
FR0000030769;25/04/22;605.00;605.00;605.00;605.00;2
NL0012650535;25/04/22;0.90;0.90;0.90;0.90;600
NL0010623518;25/04/22;0.0095;0.0095;0.009;0.009;131666
GB00B8GJBS16;25/04/22;0.0145;0.0145;0.0145;0.0145;160000
FR0011776889;25/04/22;3.70;3.70;3.70;3.70;250
ZM0000000037;25/04/22;1.00;1.01;1.00;1.01;18864
FR0014005OJ5;25/04/22;7.90;8.00;7.70;7.70;1738
FR0000053076;25/04/22;11.70;11.70;11.50;11.50;111
FR0013247244;25/04/22;0.0335;0.0336;0.0307;0.033;136735
FR0004152874;25/04/22;2.78;2.78;2.78;2.78;14045
FR0014005AC9;25/04/22;8.08;8.08;8.04;8.06;118
FR0013452281;25/04/22;9.05;9.05;8.75;8.85;8433
FR0010641449;25/04/22;0.1138;0.1138;0.1054;0.1086;782776
IT0005450819;25/04/22;39.00;39.40;39.00;39.40;65
FR00140072P8;25/04/22;0.0017;0.0017;0.0015;0.0017;17656852
GB00BNKGZC51;25/04/22;1.495;1.50;1.465;1.47;7566
FR0013410370;25/04/22;0.0268;0.0275;0.0232;0.0245;106141698
FR0013284627;25/04/22;2.70;2.81;2.66;2.81;8733
FR0000076887;25/04/22;3.65;3.74;3.65;3.67;1018
FR00140059B5;25/04/22;6.40;6.68;6.40;6.50;3597
BE0974334667;25/04/22;2.42;2.49;2.41;2.48;1337
FR0000035305;25/04/22;5.90;6.24;5.17;5.76;79441
FR0010202606;25/04/22;145.50;145.50;142.00;145.00;778
FR0000124414;25/04/22;3.37;3.43;3.37;3.37;1917
FR0011005933;25/04/22;19.53;19.53;18.72;18.99;32793
FR0014003711;25/04/22;6.52;6.52;6.36;6.38;1158
FR0013384369;25/04/22;22.40;23.00;21.30;23.00;179
FR0004174233;25/04/22;28.00;28.00;26.40;26.40;6722
FR0011041011;25/04/22;2.48;2.48;2.34;2.34;6367
FR0011365907;25/04/22;35.00;35.20;32.50;33.60;11520
FR0011814938;25/04/22;0.50;0.56;0.49;0.53;102635
FR0012816825;25/04/22;0.1708;0.1708;0.1551;0.1594;1389218
FR0004172450;25/04/22;3.775;3.775;3.70;3.70;2518
FR0012969095;25/04/22;21.90;22.10;21.60;22.10;269
FR0010907956;25/04/22;10.40;10.80;10.30;10.61;96384
FR0014007LW0;25/04/22;1.18;1.18;1.062;1.12;31333
FR0013297165;25/04/22;0.106;0.106;0.106;0.106;140
FR0013530102;25/04/22;3.51;3.56;3.51;3.56;953
FR0014000JX7;25/04/22;3.80;3.85;3.80;3.81;620
FR0011716265;25/04/22;2.035;2.04;1.96;2.03;10906
FR0004152882;25/04/22;68.80;68.80;67.00;67.60;278
FR0010425595;25/04/22;3.622;3.622;3.43;3.548;216449
FR0013257409;25/04/22;352.00;352.00;352.00;352.00;11
FR0011071570;25/04/22;11.30;11.60;11.30;11.35;2451
BE0160342011;25/04/22;7.72;7.72;7.60;7.70;77
FR0012788065;25/04/22;34.80;34.80;33.00;34.00;2172
FR0011648716;25/04/22;32.96;33.02;31.42;32.00;29756
FR0013398997;25/04/22;3.70;3.70;3.69;3.69;820
FR0014004QR6;25/04/22;0.466;0.467;0.45;0.459;245693
FR0000185423;25/04/22;13.70;13.85;13.60;13.85;267
FR0000066961;25/04/22;3.50;3.50;3.50;3.50;681
FR0013066750;25/04/22;0.0332;0.0332;0.0312;0.0321;565351
FR0010879056;25/04/22;0.271;0.2795;0.268;0.2705;98290
FR0000054132;25/04/22;52.00;53.00;51.00;51.00;337
FR0010404368;25/04/22;12.80;12.80;12.70;12.70;171
FR0013283108;25/04/22;85.80;85.80;83.80;85.00;1910
FR0012202497;25/04/22;1.15;1.15;1.045;1.08;35338
FR0013331212;25/04/22;12.35;12.45;12.25;12.40;3045
FR0010436584;25/04/22;11.15;11.15;11.15;11.15;244
FR0011522168;25/04/22;0.0009;0.001;0.0008;0.001;232378959
FR0013088606;25/04/22;0.0346;0.0346;0.0329;0.0339;2190769
FR0004030708;25/04/22;3.78;3.78;3.78;3.78;11
FR0013296746;25/04/22;5.54;5.54;5.11;5.18;46919
IT0005351504;25/04/22;16.56;16.60;16.50;16.50;898
FR0013534617;25/04/22;9.98;9.98;9.36;9.38;4634
FR0010490920;25/04/22;0.518;0.518;0.495;0.516;417
FR0000075343;25/04/22;7.00;7.00;6.43;6.66;45057
FR0013356755;25/04/22;1.64;1.65;1.575;1.575;8518
FR0011915339;25/04/22;1.98;2.035;1.96;2.03;6352
FR0014004974;25/04/22;8.58;8.60;8.46;8.56;1965
FR0010424697;25/04/22;3.00;3.08;3.00;3.00;1386
FR0010465534;25/04/22;4.78;4.94;4.78;4.94;666
FR0013240934;25/04/22;17.30;17.58;16.90;17.41;92394
FR0011490648;25/04/22;9.20;9.32;9.08;9.24;804
FR0014004362;25/04/22;6.70;6.74;6.60;6.70;1881
FR0000035818;25/04/22;165.40;168.90;163.50;165.20;9491
FR0010844001;25/04/22;4.18;4.18;4.18;4.18;1
FR0000064164;25/04/22;102.00;102.00;102.00;102.00;145
FR0004034593;25/04/22;0.40;0.42;0.40;0.42;32
FR0000074759;25/04/22;22.00;22.20;21.80;22.20;1679
FR0012419307;25/04/22;40.95;41.15;40.75;40.90;1069
FR0010485268;25/04/22;117.40;117.40;115.80;116.20;260
FR0004187367;25/04/22;7.46;7.46;7.16;7.27;6515
FR0013495298;25/04/22;4.70;4.70;4.528;4.566;193301
FR0011052257;25/04/22;4.94;4.94;4.76;4.77;9980
FR0000079634;25/04/22;0.0078;0.008;0.0075;0.0076;5898077
FR0004053510;25/04/22;3.45;3.49;3.45;3.47;1250
FR0000033888;25/04/22;182.00;182.00;181.00;181.00;35
FR0012819381;25/04/22;20.90;21.00;20.05;20.95;9302
FR0000060790;25/04/22;14.95;15.00;14.00;14.40;1700
FR0011208693;25/04/22;2.70;2.70;2.70;2.70;3703
FR0014005ZM5;25/04/22;9.20;9.20;8.80;8.80;410
FR0013429404;25/04/22;6.20;6.20;5.85;5.85;463
FR0014007ND6;25/04/22;8.08;8.20;7.85;8.198;12417
CA4433003064;25/04/22;1.61;1.61;1.61;1.61;35
FR0000038531;25/04/22;6.06;6.14;6.00;6.04;10381
GB00BMDXQ672;25/04/22;54.00;54.00;54.00;54.00;1
FR0013451044;25/04/22;18.30;18.30;17.66;17.90;3390
FR0000077562;25/04/22;3.82;3.82;3.78;3.78;438
FR0010396309;25/04/22;16.00;16.00;16.00;16.00;178
FR0014000U63;25/04/22;20.65;20.65;20.20;20.60;1811
FR0000066540;25/04/22;40.20;41.80;39.60;41.50;1040
FR0014001PM5;25/04/22;22.50;22.52;21.50;22.20;7371
FR0014007LQ2;25/04/22;12.05;12.05;11.95;11.95;1306
FR0004153930;25/04/22;0.135;0.135;0.126;0.1297;426341
FR0012821916;25/04/22;10.88;11.96;10.68;11.96;8719
FR0005854700;25/04/22;5.50;5.80;5.50;5.80;696
IT0005380602;25/04/22;2.00;2.15;2.00;2.15;2752
FR00140048X2;25/04/22;2.54;2.77;2.54;2.77;2691
FR0013470168;25/04/22;0.25;0.25;0.241;0.246;18948
FR0013060100;25/04/22;5.60;6.36;5.60;6.36;1730
FR0000064297;25/04/22;5.58;5.58;5.50;5.58;474
FR0011179886;25/04/22;0.434;0.434;0.4105;0.4285;14239
FR0010908723;25/04/22;1.215;1.215;1.15;1.18;1106
BE0974299316;25/04/22;18.00;18.00;17.80;17.80;1193
FR0000072597;25/04/22;26.90;27.00;26.80;26.90;596
FR0014007XT1;25/04/22;1.24;1.25;1.1502;1.1502;22586
FR0010722819;25/04/22;26.75;26.80;25.65;26.55;6467
FR00140069V2;25/04/22;9.56;9.75;9.54;9.56;1698
IT0005380438;25/04/22;8.85;8.85;8.80;8.80;101
FR0004029411;25/04/22;3.85;3.86;3.84;3.84;2247
FR0013374667;25/04/22;0.167;0.167;0.1595;0.163;140170
FR0011038348;25/04/22;2.67;2.86;2.635;2.745;31785
FR0013156007;25/04/22;4.30;4.355;4.11;4.355;16124
FR0004027068;25/04/22;29.00;29.30;29.00;29.30;1501
FR0000075442;25/04/22;31.35;31.35;30.55;31.35;10219
FR0013335742;25/04/22;7.60;7.60;7.60;7.60;77
FR0000033599;25/04/22;4.55;4.55;4.28;4.335;35218
FR0013308582;25/04/22;8.04;8.04;7.30;7.30;9995
FR0010131409;25/04/22;17.74;17.76;16.50;17.00;15125
ES0105089009;25/04/22;3.50;4.65;3.50;4.40;15317
FR0000044943;25/04/22;0.337;0.337;0.323;0.323;401
FR0000060451;25/04/22;398.00;398.00;398.00;398.00;3
FR0000072993;25/04/22;0.1716;0.1716;0.165;0.17;103364
FR0013400835;25/04/22;3.26;3.49;3.23;3.26;3176
FR0004155687;25/04/22;0.218;0.234;0.218;0.233;3283
FR0010353888;25/04/22;35.30;36.00;35.00;35.85;2913
FR0010844464;25/04/22;4.30;4.39;4.16;4.16;5907
FR0011049824;25/04/22;12.10;12.34;11.54;12.34;46251
FR0011217710;25/04/22;4.39;4.39;4.28;4.28;860
FR0010204453;25/04/22;11.90;11.90;11.50;11.50;81
FR0011051598;25/04/22;0.662;0.71;0.655;0.692;97127
FR0013270626;25/04/22;4.45;4.45;4.45;4.45;1
FR0010285965;25/04/22;30.00;30.10;30.00;30.10;199
ES0105463006;25/04/22;20.20;20.20;20.20;20.20;1
FR0013053535;25/04/22;3.45;3.49;3.405;3.49;2060
FR00140050Q2;25/04/22;3.44;3.44;3.32;3.36;6200
FR0010812230;25/04/22;0.404;0.408;0.4015;0.4015;6768
FR0011033083;25/04/22;61.50;61.50;57.60;58.50;3940
FR0004034320;25/04/22;10.95;11.10;10.95;11.05;1790
FR0013462231;25/04/22;3.16;3.16;3.09;3.09;3380
FR0013421286;25/04/22;2.86;2.94;2.65;2.73;14055
FR00140077X1;25/04/22;0.5098;0.542;0.478;0.4835;204367
FR0014003XT0;25/04/22;1.18;1.18;1.065;1.16;20952
FR0010457531;25/04/22;0.411;0.428;0.399;0.428;19294
FR0011636083;25/04/22;0.1682;0.18;0.1672;0.1722;70961
FR0014003J32;25/04/22;5.98;5.98;5.60;5.94;981
FR0013330792;25/04/22;1.14;1.14;1.05;1.115;7057
FR0010397232;25/04/22;2.288;2.32;2.229;2.28;547456
NL0012044762;25/04/22;0.115;0.115;0.10;0.101;1260810
FR0013399359;25/04/22;1.01;1.046;0.971;1.00;53658
FR0004065639;25/04/22;21.00;21.00;19.85;20.90;632
FR0004154060;25/04/22;1.34;1.34;1.34;1.34;623
FR0004171346;25/04/22;0.94;0.946;0.904;0.93;19464
FR0010330613;25/04/22;7.45;7.45;7.45;7.45;1197
FR0014003T71;25/04/22;8.38;8.40;8.12;8.22;4103
FR0011766229;25/04/22;8.85;9.18;8.80;9.01;10092
FR0010095596;25/04/22;0.399;0.399;0.3905;0.399;11100
FR0000061244;25/04/22;1.76;1.765;1.76;1.765;2
FR0013318052;25/04/22;1.845;1.845;1.70;1.75;810
FR0013231180;25/04/22;8.12;8.30;8.12;8.20;875
FR0013204070;25/04/22;2.36;2.36;2.36;2.36;21
FR0010785790;25/04/22;17.40;17.40;17.25;17.40;400
FR0013479730;25/04/22;3.30;3.30;3.225;3.30;1584
FR0013178712;25/04/22;1.358;1.37;1.33;1.332;5781
FR0000061608;25/04/22;24.05;24.05;23.80;24.00;2878
NL0012191662;25/04/22;3.54;3.54;3.54;3.54;1
FR0011191287;25/04/22;0.055;0.0564;0.05;0.0513;2346022
FR0011651694;25/04/22;5.09;5.09;5.03;5.03;1007
ES0105029005;25/04/22;2.99;2.99;2.99;2.99;1
BE0974302342;25/04/22;0.0784;0.0845;0.0754;0.0845;1851003
FR0011950641;25/04/22;0.504;0.5075;0.4902;0.5075;89635
FR0000066441;25/04/22;83.50;85.50;82.50;85.50;192
FR0010211037;25/04/22;1.195;1.195;1.14;1.195;4587
FR0010169920;25/04/22;6.00;6.16;5.94;6.16;159
FR0010380626;25/04/22;0.275;0.275;0.263;0.263;29366
FR0004044600;25/04/22;10.22;10.22;9.85;10.00;1621
FR0010313486;25/04/22;8.34;8.40;8.32;8.40;743
FR0011648971;25/04/22;3.10;3.112;3.08;3.10;24677
ES0105118006;25/04/22;23.20;23.20;23.20;23.20;1
FR0010889386;25/04/22;7.34;7.34;7.26;7.26;852
FR0011858190;25/04/22;34.50;34.60;34.30;34.30;1996
FR0010820274;25/04/22;6.82;7.00;6.66;7.00;81431
FR0000075954;25/04/22;1.742;1.742;1.72;1.732;10137
FR0010523167;25/04/22;4.00;4.00;3.88;3.94;8854
GB00BLG2TX24;25/04/22;0.0615;0.067;0.052;0.061;11173032
FR0013467123;25/04/22;0.1134;0.1156;0.1052;0.1114;466060
FR0000074775;25/04/22;7.30;7.30;7.30;7.30;1660
IT0005353484;25/04/22;0.474;0.474;0.474;0.474;1
FR0012596468;25/04/22;0.62;0.63;0.56;0.565;55992
FR0000073728;25/04/22;326.00;326.00;326.00;326.00;2
FR0011464452;25/04/22;1.045;1.065;1.044;1.056;70867
FR00140043Y1;25/04/22;1.99;2.04;1.94;1.965;74106
FR0011398874;25/04/22;0.0007;0.0007;0.0005;0.0006;179906218
FR0010528059;25/04/22;22.30;22.30;21.60;22.00;170
FR0000075673;25/04/22;3.60;3.60;3.60;3.60;290
FR0011053636;25/04/22;1.25;1.25;1.198;1.23;69348
FR0011668821;25/04/22;0.452;0.452;0.452;0.452;1
FR0004197747;25/04/22;1.99;2.00;1.95;2.00;17648
FR0010120402;25/04/22;1.26;1.26;1.25;1.25;457
FR0013286259;25/04/22;1.96;2.165;1.95;2.125;87320
FR0000060949;25/04/22;41.90;41.90;41.90;41.90;576
FR00140062B9;25/04/22;2.88;2.88;2.88;2.88;2784
FR0013345493;25/04/22;4.99;5.00;4.71;4.72;22351
FR0010654087;25/04/22;8.35;8.35;8.35;8.35;55
FR0000079147;25/04/22;1.735;1.735;1.70;1.70;2446
FR0011884378;25/04/22;1.24;1.25;1.205;1.21;36657
FR0011070457;25/04/22;58.35;58.40;58.35;58.35;184
FR0013263878;25/04/22;16.76;16.84;16.76;16.82;12671
FR0012709160;25/04/22;2.40;2.40;2.40;2.40;1
FR0010337865;25/04/22;3.98;3.98;3.98;3.98;1
FR0011898584;25/04/22;4.61;4.61;4.43;4.43;1334
FR0013254851;25/04/22;6.90;6.90;6.68;6.70;6746
FR0013419876;25/04/22;11.35;11.40;11.10;11.20;1018
FR0004045847;25/04/22;106.00;108.40;105.20;107.00;4777
FR0004155240;25/04/22;0.1682;0.1724;0.164;0.1648;212972
BE0974387194;25/04/22;4.36;4.36;4.36;4.36;95
FR0011532225;25/04/22;5.47;5.47;5.30;5.36;4067
FR0010326090;25/04/22;14.60;14.60;14.60;14.60;100
FR0004029478;25/04/22;37.30;37.60;35.50;37.60;6202
FR0013481835;25/04/22;0.194;0.1954;0.19;0.1914;816263
FR0010766667;25/04/22;12.50;12.50;12.10;12.16;5416
FR0013079092;25/04/22;16.30;16.30;15.40;15.55;194
FR0010688440;25/04/22;40.50;41.10;40.50;41.10;220
FR0014000P11;25/04/22;22.10;22.20;21.90;21.90;439
FR0013143872;25/04/22;7.74;7.86;7.53;7.85;17773
FR0013507290;25/04/22;0.10;0.101;0.10;0.101;997
