FR0000060402;31/03/22;43.74;44.80;43.40;44.10;79217
FR0000120404;31/03/22;29.80;29.99;29.12;29.23;477656
FR0000045072;31/03/22;11.162;11.202;10.806;10.886;6834991
FR0010340141;31/03/22;138.45;139.00;135.90;136.00;270600
FR0000031122;31/03/22;4.17;4.23;4.081;4.094;2547921
FR0000120073;31/03/22;159.72;160.50;157.76;158.92;719262
NL0000235190;31/03/22;111.66;112.34;110.16;110.36;1603935
FR0004180537;31/03/22;49.00;49.00;48.92;48.98;6063
FR0010313833;31/03/22;113.15;113.80;108.20;108.75;178208
FR0013258662;31/03/22;12.30;12.42;12.04;12.04;105445
FR0010220475;31/03/22;21.96;22.17;21.16;21.27;1529020
FR0000033219;31/03/22;156.80;156.80;153.20;154.40;3833
FR0014004L86;31/03/22;143.40;145.00;142.60;143.70;112171
FR0004125920;31/03/22;64.00;64.50;61.90;62.20;152943
FR0014005AL0;31/03/22;28.28;29.44;28.28;29.00;34679
LU0569974404;31/03/22;40.51;40.96;40.12;40.21;401575
FR0014003U94;31/03/22;7.74;7.74;7.14;7.14;144406
FR0000039216;31/03/22;650.00;650.00;650.00;650.00;1
FR0010481960;31/03/22;116.00;117.60;115.60;115.60;9292
FR0000076952;31/03/22;5100.00;5100.00;5050.00;5050.00;7
FR0000071946;31/03/22;138.50;140.90;136.60;137.50;41511
FR0000051732;31/03/22;26.09;26.20;24.76;24.77;1047320
MC0000031187;31/03/22;63.80;66.00;63.20;65.20;942
FR0004023208;31/03/22;66.80;66.80;66.00;66.40;1338
FR0000120966;31/03/22;47.36;47.52;45.72;45.72;64375
FR0000035164;31/03/22;14.50;14.56;14.16;14.22;72605
FR0013280286;31/03/22;99.46;100.10;96.68;96.74;150376
FR0014003FE9;31/03/22;14.10;14.49;14.092;14.44;52568
FR0000120644;31/03/22;50.82;50.98;49.975;50.03;1360074
FR0000131104;31/03/22;53.02;53.31;51.63;51.93;3219374
FR0000039299;31/03/22;4.756;4.798;4.74;4.754;1490169
FR0000061137;31/03/22;588.00;602.00;584.00;596.00;235
FR0006174348;31/03/22;26.71;26.81;25.89;25.94;1077625
FR0000120172;31/03/22;19.495;19.715;19.495;19.645;3238060
FR0000125338;31/03/22;203.50;204.70;201.20;202.50;497849
FR0010828137;31/03/22;14.68;14.80;14.32;14.32;143489
FR0000045601;31/03/22;790.00;790.00;790.00;790.00;32
FR0000130403;31/03/22;632.00;636.00;618.50;618.50;5871
FR0000120222;31/03/22;21.85;21.85;21.80;21.80;376060
NL0010949392;31/03/22;5.10;5.10;5.04;5.04;284
FR0000125585;31/03/22;17.055;17.15;16.65;16.70;247870
FR0010667147;31/03/22;10.94;11.09;10.92;10.93;254364
FR0000064578;31/03/22;73.32;73.58;72.14;72.14;112025
FR0000060303;31/03/22;16.20;16.40;15.85;15.85;1529
FR0000120628;31/03/22;26.795;26.86;26.515;26.565;4781846
FR0000053381;31/03/22;9.63;9.65;9.375;9.50;204495
FR0000077919;31/03/22;21.78;22.02;21.42;21.42;120111
FR0000125486;31/03/22;93.66;94.44;92.65;92.99;1101636
GB0002374006;31/03/22;45.80;46.30;45.79;45.79;296
FR0013154002;31/03/22;381.00;387.30;372.10;372.50;55619
FR0014003TT8;31/03/22;45.83;46.13;44.575;44.715;1430668
FR0010908533;31/03/22;45.20;45.65;44.88;44.92;567292
FR0010242511;31/03/22;8.764;8.81;8.502;8.534;3320477
FR0000121667;31/03/22;171.56;172.20;166.30;166.30;727025
FR0011950732;31/03/22;3.17;3.204;3.022;3.04;703869
FR0012435121;31/03/22;13.60;13.70;13.39;13.40;462653
FR0000120503;31/03/22;32.02;32.37;31.50;31.63;1076046
FR0010208488;31/03/22;12.14;12.276;11.852;11.934;7093779
NL0006294274;31/03/22;83.45;84.45;82.15;82.70;131385
FR0000121147;31/03/22;24.70;25.00;23.58;23.65;1011283
FR0000131757;31/03/22;150.70;153.60;148.00;149.60;82064
FR0014000MR3;31/03/22;91.87;92.41;89.36;89.91;395981
FR0010221234;31/03/22;9.91;9.982;9.834;9.844;484099
FR0012789949;31/03/22;0.496;0.497;0.4949;0.495;1624459
FR0014005DA7;31/03/22;17.10;17.398;17.10;17.256;2611
FR0013451333;31/03/22;36.68;36.68;35.68;35.96;267605
FR0000130452;31/03/22;93.48;94.22;92.86;93.24;251016
FR0000050353;31/03/22;22.00;22.20;21.65;21.65;11843
FR0000033409;31/03/22;86.40;86.40;86.40;86.40;21
FR0011476928;31/03/22;48.60;48.70;46.50;46.56;91000
FR0013176526;31/03/22;17.08;17.50;16.475;16.755;2154316
FR0000044471;31/03/22;22.20;22.30;21.90;22.10;619
FR0010533075;31/03/22;16.29;16.495;16.29;16.345;2258677
FR0010040865;31/03/22;115.75;116.05;114.05;114.30;180682
FR0000130809;31/03/22;25.145;25.43;24.20;24.46;5522762
US3696043013;31/03/22;84.25;85.22;83.54;83.54;336
FR0011726835;31/03/22;101.00;103.30;100.90;101.50;223983
FR0000121329;31/03/22;114.25;114.95;113.25;113.95;424849
CH0012214059;31/03/22;44.995;44.995;43.94;43.98;15269
MA0000011488;31/03/22;12.15;12.50;12.10;12.10;484
FR0000035081;31/03/22;59.95;59.95;58.35;58.35;73068
FR0010929125;31/03/22;317.50;324.00;317.50;322.00;997
FR0010259150;31/03/22;114.00;115.60;113.05;113.30;131722
FR0000073298;31/03/22;45.60;46.15;45.20;45.20;99415
FR0004024222;31/03/22;56.80;56.90;54.60;54.60;18558
FR0000121485;31/03/22;586.00;595.80;573.10;575.70;186589
FR0010386334;31/03/22;21.10;21.54;20.88;20.94;330800
FR0000121964;31/03/22;24.97;25.11;24.15;24.18;546464
FR0013204336;31/03/22;87.20;87.20;85.00;85.00;3067
FR0010307819;31/03/22;86.90;87.42;86.22;86.38;527690
FR0000065484;31/03/22;44.35;44.85;43.10;43.10;22920
FR0000121014;31/03/22;666.20;668.30;647.20;649.40;423041
FR0000121204;31/03/22;93.65;93.85;92.05;92.60;82599
FR0000121261;31/03/22;124.10;125.00;122.50;122.95;404188
FR0000130213;31/03/22;25.32;25.42;25.32;25.34;49334
FR0000053225;31/03/22;17.94;18.04;17.80;17.88;43218
US58933Y1055;31/03/22;72.91;74.80;72.91;74.43;3135
LU1598757687;31/03/22;29.50;29.785;29.27;29.30;3897167
FR0000038606;31/03/22;27.00;27.00;25.20;25.20;47625
FR0011675362;31/03/22;37.42;38.74;37.24;38.62;133514
FR0000044448;31/03/22;87.85;88.70;84.25;85.05;97313
FR0000120859;31/03/22;39.40;39.80;39.00;39.00;80477
FI0009000681;31/03/22;5.037;5.069;4.9755;4.9755;318855
FR0010112524;31/03/22;32.54;32.74;31.84;31.90;150589
FR0000062234;31/03/22;1135.00;1140.00;1110.00;1110.00;725
FR0000120321;31/03/22;366.65;373.65;363.20;363.85;502204
FR0000133308;31/03/22;10.78;10.786;10.664;10.704;5864346
FR0000184798;31/03/22;39.50;41.52;39.28;39.38;1004937
FR0014005HJ9;31/03/22;23.80;24.11;23.26;23.33;73357
FR0000064784;31/03/22;119.00;119.00;113.40;113.40;4959
FR0012882389;31/03/22;85.30;86.60;85.20;86.60;5278
FR0000124570;31/03/22;16.95;16.97;16.41;16.50;262566
FR0000130577;31/03/22;57.12;57.18;54.96;55.26;779253
FR0000039091;31/03/22;892.00;892.00;877.00;881.00;285
FR0000130395;31/03/22;186.50;188.50;185.70;187.00;78821
FR0000121634;31/03/22;121.50;122.00;121.00;121.00;339
FR0000121121;31/03/22;77.05;77.60;76.30;76.40;115129
FR0000120693;31/03/22;197.40;202.20;197.35;199.30;599233
FR0000052516;31/03/22;43.95;44.35;43.65;44.20;7036
FR0000052292;31/03/22;1312.00;1318.50;1288.00;1291.50;60390
FR0000131906;31/03/22;24.80;25.285;23.765;23.875;2116268
FR0000031684;31/03/22;36.90;36.90;35.70;35.85;15629
FR0013269123;31/03/22;26.88;27.09;26.66;26.67;144379
FR0010451203;31/03/22;19.70;19.78;19.225;19.43;736015
FR0000073272;31/03/22;108.30;108.62;106.52;107.26;916873
FR0000120578;31/03/22;93.02;93.69;92.51;92.51;2337223
FR0010411983;31/03/22;29.21;29.62;29.09;29.19;320130
LU0088087324;31/03/22;8.18;8.31;8.154;8.264;1047902
FR0010282822;31/03/22;92.70;95.70;92.10;93.30;11069
FR0000125007;31/03/22;55.99;56.44;54.27;54.27;1717005
FR0000121709;31/03/22;127.60;128.60;126.40;126.60;78802
AN8068571086;31/03/22;38.20;38.25;36.85;37.75;32389
FR0013199916;31/03/22;146.40;147.80;144.80;146.20;11052
FR0013227113;31/03/22;172.40;174.80;168.20;171.10;89806
FR0000050809;31/03/22;170.30;172.00;168.50;168.90;19759
FR0012757854;31/03/22;21.72;21.92;21.48;21.48;183593
FR0000064271;31/03/22;99.60;101.20;99.20;100.00;4365
NL00150001Q9;31/03/22;15.226;15.50;14.798;14.798;4141664
NL0000226223;31/03/22;40.73;40.995;39.59;39.59;2409114
FR0000121972;31/03/22;153.44;154.68;151.62;152.16;1464407
FR0000121220;31/03/22;74.62;75.14;72.90;73.80;258429
NL0014559478;31/03/22;10.84;11.16;10.785;11.05;823085
FR0000051807;31/03/22;347.50;350.00;343.60;346.30;137536
FR0000054900;31/03/22;9.16;9.185;8.81;8.81;223799
FR0013230612;31/03/22;24.40;25.00;24.30;24.30;50074
FR0004188670;31/03/22;12.98;12.98;12.74;12.74;6066
FR0005691656;31/03/22;135.90;136.80;131.70;132.00;26296
FR0000120271;31/03/22;46.435;46.81;45.91;46.03;6495026
FR0000054470;31/03/22;41.13;42.00;39.95;39.95;660006
FR0000054215;31/03/22;1040.00;1040.00;1040.00;1040.00;11
FR0013326246;31/03/22;69.00;69.37;68.11;68.18;570163
FR0000031775;31/03/22;31.20;31.45;30.65;30.75;52072
FR0004186856;31/03/22;136.40;136.40;133.20;133.20;1617
FR0000124141;31/03/22;29.20;29.67;29.06;29.09;1411803
FR0000031577;31/03/22;360.00;366.00;360.00;363.00;6436
FR0000127771;31/03/22;11.925;11.99;11.80;11.84;2013851
FR0013506730;31/03/22;11.44;11.71;11.32;11.66;1042373
FR0004056851;31/03/22;16.05;16.05;15.42;15.64;364973
FR0011995588;31/03/22;18.50;18.50;18.26;18.42;29626
FR0013447729;31/03/22;22.42;22.58;21.52;21.54;142631
FR0013357621;31/03/22;45.40;46.40;45.40;46.00;5457
FR0011981968;31/03/22;42.05;42.14;39.485;39.485;904244
BE0974310428;31/03/22;7.11;7.17;6.96;7.00;189038
FR0014000T90;31/03/22;9.79;9.879;9.79;9.865;150
FR0000062465;31/03/22;14.30;14.30;13.70;13.80;730
FR0014003PZ3;31/03/22;9.88;9.88;9.88;9.88;150
FR0010557264;31/03/22;10.40;10.40;10.13;10.17;61725
FR0004040608;31/03/22;7.45;7.49;7.43;7.43;26387
FR0012333284;31/03/22;25.40;25.40;24.60;24.60;3821
FR0014007ZB4;31/03/22;13.70;13.80;13.50;13.70;442
FR0000053027;31/03/22;19.70;20.15;19.70;20.00;11324
FR0000074148;31/03/22;42.50;42.65;42.30;42.60;8863
FR0000063737;31/03/22;59.70;60.60;58.70;60.00;10201
FR0011040500;31/03/22;16.95;16.95;16.75;16.80;4971
FR0000074072;31/03/22;15.48;15.48;14.80;14.90;22707
FR0000035370;31/03/22;40.10;40.65;40.00;40.25;5873
FR0000061129;31/03/22;38.00;39.10;37.95;38.65;9266
FR0000063935;31/03/22;16.66;16.72;16.50;16.50;9419
FR0000045528;31/03/22;80.71;82.00;80.71;81.99;869
FR0010193052;31/03/22;9.19;9.46;9.16;9.20;324302
FR0000053324;31/03/22;13.82;13.88;13.30;13.42;42444
FR0000036675;31/03/22;67.00;67.00;66.10;66.10;1731
FR0013181864;31/03/22;0.959;1.05;0.9512;1.036;25014543
FR0000053506;31/03/22;25.70;25.85;25.05;25.45;5865
FR0000045213;31/03/22;65.49;65.49;64.00;65.47;1300
FR0013426004;31/03/22;4.16;4.264;3.95;4.172;724947
FR0000185514;31/03/22;19.25;19.78;19.25;19.78;2086
FR0010483768;31/03/22;21.245;21.68;21.245;21.68;3099
FR0000130692;31/03/22;20.72;20.72;20.30;20.36;57842
FR0010417345;31/03/22;2.964;3.04;2.935;2.982;104924
FR0014003G01;31/03/22;9.90;9.90;9.90;9.90;200
GA0000121459;31/03/22;176.00;179.50;174.50;178.00;1032
FR0000036816;31/03/22;27.00;27.00;26.40;26.70;2092
FR0011466069;31/03/22;6.97;7.14;6.94;6.94;34479
FR0000031023;31/03/22;106.50;107.50;106.00;106.50;243
FR0000120669;31/03/22;29.30;29.40;27.60;28.80;42258
FR0004110310;31/03/22;69.00;69.00;67.20;68.60;1295
FR0000054678;31/03/22;3.24;3.26;3.20;3.20;3852
FR0004527638;31/03/22;74.40;75.00;73.60;73.80;756
FR0011665280;31/03/22;5.55;5.55;5.43;5.54;3020
FR0000035123;31/03/22;31.00;31.00;31.00;31.00;1
FR0014005SB3;31/03/22;4.315;4.395;4.29;4.32;14434
FR0010588079;31/03/22;33.20;33.40;33.20;33.40;314
FR0000030611;31/03/22;13.30;13.30;13.30;13.30;1
FR0000034894;31/03/22;102.50;104.50;102.50;104.00;15
FR0000032526;31/03/22;27.45;27.55;26.35;26.45;15198
FR0010501692;31/03/22;7.34;7.34;7.16;7.16;5692
FR0000066672;31/03/22;16.52;16.78;16.48;16.60;4768
FR0004163111;31/03/22;3.688;3.688;3.596;3.60;48940
FR0000062671;31/03/22;18.90;19.02;18.68;18.76;10799
FR0000065971;31/03/22;153.50;155.50;152.00;154.00;1251
FR0000066722;31/03/22;14.44;14.72;14.28;14.70;11816
FR0014003VY4;31/03/22;31.90;32.50;31.90;32.45;3982
FR0004159473;31/03/22;31.70;31.80;30.90;31.00;10288
FR0014004J15;31/03/22;9.70;9.70;9.70;9.70;100
FR0000051393;31/03/22;56.60;58.60;56.00;58.00;2755
FR0000030827;31/03/22;254.00;254.00;254.00;254.00;6
FR0000033243;31/03/22;61.60;61.60;61.00;61.00;100
FR0010341032;31/03/22;45.80;45.90;45.80;45.90;15
FR0000071797;31/03/22;54.40;54.40;54.00;54.00;346
FR0010331421;31/03/22;3.184;3.234;3.068;3.09;178635
FR0013233012;31/03/22;10.40;10.48;10.32;10.34;3421
FR0012872141;31/03/22;11.15;12.00;11.15;12.00;3895
FR0000033904;31/03/22;20.10;20.20;19.60;19.64;10068
FR0004007813;31/03/22;30.05;30.40;29.85;30.05;12564
FR0000066607;31/03/22;42.40;42.70;41.60;42.40;5967
FR0000032278;31/03/22;0.463;0.463;0.45;0.4555;76037
FR0000038242;31/03/22;21.15;21.15;20.35;20.85;6967
FR0004156297;31/03/22;41.70;41.80;41.70;41.70;162
FR0004170017;31/03/22;37.95;38.65;36.70;37.00;23626
FR00140006O9;31/03/22;1.275;1.2978;1.2112;1.212;575194
FR0006864484;31/03/22;94.20;95.80;94.00;95.80;44
FR0000053837;31/03/22;26.11;26.40;26.01;26.40;5601
FR0000030074;31/03/22;550.00;550.00;550.00;550.00;61
FR0000032302;31/03/22;67.40;67.40;66.60;67.40;357
FR0000051070;31/03/22;3.885;4.09;3.85;4.055;567019
FR0000060873;31/03/22;1.29;1.30;1.285;1.285;2223
FR0011742329;31/03/22;18.89;19.01;18.72;19.00;66272
FR0013153541;31/03/22;17.53;17.57;17.27;17.38;67568
FR0004065605;31/03/22;7.76;7.76;7.36;7.42;6036
FR0010241638;31/03/22;9.13;9.215;8.995;8.995;220265
FR0004177046;31/03/22;5.50;5.62;5.45;5.48;60244
FR0000039620;31/03/22;33.30;33.75;33.15;33.60;29524
FR0013482791;31/03/22;5.54;5.57;5.46;5.46;55163
FR0011341205;31/03/22;6.85;6.945;6.64;6.64;46167
FR0012789386;31/03/22;89.00;89.00;88.00;88.00;58
FR0012650166;31/03/22;14.60;14.68;14.04;14.06;2796
FR0000121691;31/03/22;6.50;6.56;6.40;6.56;6356
FR0004050250;31/03/22;36.70;36.70;36.30;36.30;715
FR0004050300;31/03/22;33.50;33.50;33.50;33.50;240531
FR0000060535;31/03/22;182.00;182.00;182.00;182.00;6
FR0012127173;31/03/22;9.12;9.12;8.64;8.67;111397
FR0012612646;31/03/22;19.50;20.70;19.50;20.00;1268
FR0011027135;31/03/22;19.35;19.35;18.95;18.95;2463
FR0000061459;31/03/22;95.00;95.20;94.20;94.40;1545
FR0000066755;31/03/22;4.16;4.16;4.13;4.13;1614
FR0012432516;31/03/22;2.30;2.318;2.20;2.30;70738
FR0014004EC4;31/03/22;33.00;33.50;32.005;33.50;253
FR0012613610;31/03/22;2.735;2.74;2.68;2.715;21058
FR0000120560;31/03/22;17.67;17.71;16.84;17.04;82838
FR0000060618;31/03/22;3.705;3.705;3.56;3.56;26788
FR0013344173;31/03/22;35.00;36.00;35.00;35.30;1659
FR0013379484;31/03/22;7.70;7.70;7.405;7.41;510935
FR0000060071;31/03/22;215.00;215.00;209.00;212.00;306
FR0000120107;31/03/22;60.80;61.40;60.60;60.80;4593
FR0000052680;31/03/22;13.70;13.72;13.52;13.52;2811
FR0000039109;31/03/22;71.50;72.60;70.50;70.90;4018
FR0000032658;31/03/22;36.40;38.40;34.85;38.15;20090
FR0004175842;31/03/22;97.00;97.00;97.00;97.00;55
FR0004155000;31/03/22;2.97;2.98;2.96;2.98;9514
FR0013183985;31/03/22;3.718;3.86;3.50;3.502;430383
FR0000074122;31/03/22;44.50;45.00;44.00;44.90;6223
FR0013214145;31/03/22;7.21;7.28;6.885;6.905;131872
FR0013006558;31/03/22;1.28;1.292;1.24;1.258;275527
FR0004180578;31/03/22;47.70;49.00;47.55;49.00;36543
FR0013505062;31/03/22;3.456;3.456;3.376;3.40;215074
FR0013295789;31/03/22;31.40;31.90;30.70;31.20;3502
FR0013333432;31/03/22;96.00;96.00;94.50;94.50;879
FR0005175080;31/03/22;2.46;2.575;2.45;2.48;88233
FR00140039U7;31/03/22;9.79;9.79;9.79;9.79;187
FR0000034548;31/03/22;19.05;19.10;18.90;18.95;2186
FR0000050049;31/03/22;5.98;6.00;5.80;5.92;7340
FR0000062796;31/03/22;17.70;18.00;17.70;17.85;552
FR0010309096;31/03/22;32.00;32.00;32.00;32.00;26
FR0012532810;31/03/22;34.00;37.40;34.00;37.40;34910
FR0004034072;31/03/22;36.30;36.50;36.05;36.30;802
FR0013341781;31/03/22;4.36;4.38;4.28;4.33;5752
FR0013185857;31/03/22;16.85;16.85;16.85;16.85;1
FR0012616852;31/03/22;2.37;2.465;2.20;2.235;441054
FR0000064602;31/03/22;0.487;0.489;0.487;0.488;23626
FR0011184241;31/03/22;5.48;5.56;5.44;5.48;9423
FR0012821890;31/03/22;2.16;2.18;2.14;2.14;1535
FR0000053043;31/03/22;18.10;18.60;18.10;18.60;198
FR0013333077;31/03/22;4.11;4.115;4.08;4.08;451
US00774B2088;31/03/22;7.90;7.90;7.90;7.90;400
BE0974269012;31/03/22;0.09;0.09;0.09;0.09;2533
FR0010395681;31/03/22;6.60;6.70;6.60;6.70;114
FR0012789667;31/03/22;2.59;2.59;2.56;2.56;244
FR0012185536;31/03/22;19.00;19.00;19.00;19.00;1
FR0010478248;31/03/22;0.182;0.1836;0.1782;0.179;1646826
FR0011992700;31/03/22;13.16;13.38;12.80;13.00;7845
FR0000076655;31/03/22;4.15;4.16;4.10;4.10;2811
FR0000039232;31/03/22;11.85;12.10;11.75;11.95;2934
FR0013183589;31/03/22;21.20;21.30;21.00;21.00;510
FR0013529815;31/03/22;0.0096;0.0096;0.0088;0.0089;26796194
FR0013258399;31/03/22;1.10;1.262;1.10;1.19;908864
FR0000062341;31/03/22;6.75;6.75;6.75;6.75;4
BE0974280126;31/03/22;0.36;0.3645;0.35;0.36;30529
FR0000074254;31/03/22;3.35;3.35;3.18;3.20;11751
FR0010151589;31/03/22;10.80;10.80;10.55;10.80;2348
FR0000064156;31/03/22;29.00;29.00;29.00;29.00;10
FR0000072894;31/03/22;4.20;4.22;4.12;4.15;3385
FR0000045544;31/03/22;77.99;78.00;76.51;77.04;231
FR0010193979;31/03/22;3.81;3.83;3.79;3.81;10388
FR0006239109;31/03/22;9.30;9.40;9.15;9.20;959
FR0000044364;31/03/22;92.00;92.40;90.51;92.38;151
FR0000054322;31/03/22;0.112;0.1222;0.1112;0.112;2560405
FR0000045551;31/03/22;68.50;69.00;67.03;69.00;242
FR0004031763;31/03/22;2.10;2.18;2.06;2.14;36713
FR0013018124;31/03/22;2.00;2.00;1.946;1.96;40344
FR0000044323;31/03/22;77.49;77.70;77.10;77.70;82
FR0000185506;31/03/22;87.01;87.98;86.11;87.01;348
FR0010461053;31/03/22;56.00;56.49;56.00;56.49;28
FR0000045239;31/03/22;64.11;65.00;64.11;65.00;4
FR0000045346;31/03/22;140.00;142.00;139.50;142.00;89
FR0000045304;31/03/22;72.99;73.49;72.99;73.49;27
FR0000064446;31/03/22;11.05;11.10;10.85;10.85;524
FR0000062978;31/03/22;29.00;29.50;28.90;29.50;3785
FR0000065260;31/03/22;452.00;452.00;452.00;452.00;21
FR0000054199;31/03/22;0.137;0.139;0.137;0.139;39757
FR0000035784;31/03/22;2.88;2.88;2.84;2.84;5574
FR0000076861;31/03/22;1.72;1.735;1.645;1.715;2346
FR0011471135;31/03/22;1.672;1.836;1.662;1.724;96270
FR0000038499;31/03/22;8.45;8.45;8.45;8.45;1
FR0014003AQ4;31/03/22;62.00;65.00;62.00;65.00;1887
FR0011271600;31/03/22;2.70;2.765;2.69;2.69;127716
FR0013030152;31/03/22;42.10;45.30;41.10;45.30;23924
FR0000038184;31/03/22;0.128;0.128;0.123;0.128;37000
FR0014004X25;31/03/22;16.97;16.97;16.968;16.968;2
SN0000033192;31/03/22;5.40;5.40;5.40;5.40;1
CI0000053161;31/03/22;630.00;630.00;630.00;630.00;1
FR0000074197;31/03/22;0.494;0.494;0.48;0.48;5926
FR0011277391;31/03/22;0.0278;0.0292;0.0278;0.0292;27764
FR0000053035;31/03/22;93.00;94.00;93.00;93.00;377
FR0000072373;31/03/22;1.31;1.37;1.305;1.32;237798
FR0004010338;31/03/22;1.74;1.74;1.74;1.74;2000
CH0308403085;31/03/22;3.25;3.25;3.12;3.12;1405
FR0010214064;31/03/22;38.40;39.20;38.20;39.20;2274
FR0000037970;31/03/22;66.00;66.00;66.00;66.00;362
FR0011799907;31/03/22;0.1312;0.1334;0.1301;0.132;292513
FR0000054231;31/03/22;5.70;5.70;5.60;5.60;4015
FR0004165801;31/03/22;1.60;1.60;1.60;1.60;100
FR0000065278;31/03/22;8.98;9.80;8.98;9.80;22038
FR0000066219;31/03/22;47.00;47.00;47.00;47.00;24
FR0000124232;31/03/22;24.85;24.85;24.85;24.85;51
FR0004026151;31/03/22;4.06;4.06;4.02;4.02;3326
FR0000121295;31/03/22;82.20;86.20;82.20;86.20;2017
FR0013233475;31/03/22;0.806;0.842;0.73;0.774;585497
FR0012634822;31/03/22;13.30;13.30;13.00;13.00;510
FR0010298620;31/03/22;1.25;1.25;1.24;1.24;215
FR0010609263;31/03/22;0.608;0.619;0.602;0.604;47366
FR0000060196;31/03/22;1.29;1.33;1.29;1.33;8952
FR0000077570;31/03/22;1.28;1.30;1.275;1.275;15807
FR0013018041;31/03/22;1.74;1.773;1.692;1.751;251949
FR0014001PV6;31/03/22;160.52;175.00;160.52;175.00;5
FR0010428771;31/03/22;1.96;2.01;1.96;1.96;9609
FR0000075392;31/03/22;5.82;5.82;5.65;5.78;682
FR0010609206;31/03/22;0.839;0.85;0.839;0.85;3797
FR0010263202;31/03/22;57.00;57.50;56.00;57.50;466
FR0004038263;31/03/22;4.125;4.125;4.00;4.01;1714
FR0013318813;31/03/22;31.60;31.60;31.10;31.10;328
FR0000074783;31/03/22;8.85;8.85;8.57;8.71;12803
FR0000038465;31/03/22;5.38;5.38;5.34;5.36;214
FR0013252186;31/03/22;5.81;5.91;5.81;5.90;4803
FR0000061418;31/03/22;27.80;27.80;27.80;27.80;1
FR0000078321;31/03/22;0.90;0.90;0.90;0.90;44
FR0011950682;31/03/22;19.42;19.48;18.42;18.42;17258
FR0010209809;31/03/22;1.45;1.45;1.45;1.45;82
FR0004016699;31/03/22;29.10;29.30;29.00;29.20;1426
FR0000065864;31/03/22;23.00;23.00;22.90;22.90;43
FR0011289040;31/03/22;29.80;29.80;29.20;29.20;64
FR0007317813;31/03/22;6.56;7.08;6.54;7.00;21765
FR0000066482;31/03/22;65.00;65.00;65.00;65.00;52
FR0000033003;31/03/22;8.10;8.10;7.92;8.04;5626
FR0000073041;31/03/22;6.18;6.45;6.08;6.17;11948
FR0010291245;31/03/22;1.16;1.16;1.096;1.098;74179
FR0010781377;31/03/22;7.90;7.90;7.90;7.90;10
NL0010273694;31/03/22;0.081;0.0835;0.081;0.0835;17010
FR0010979377;31/03/22;1.32;1.45;1.32;1.45;44
FR0012968485;31/03/22;2.40;2.40;2.40;2.40;10
FR0014003V77;31/03/22;3.42;3.42;3.42;3.42;39
CH1148983609;31/03/22;17.95;17.95;17.95;17.95;1
CH0451123589;31/03/22;7.175;7.175;7.175;7.175;1415
FR0012384907;31/03/22;1.86;1.88;1.86;1.88;1547
FR0000060428;31/03/22;117.00;117.00;117.00;117.00;5
LU0881232630;31/03/22;1.39;1.39;1.39;1.39;25
FR0007200100;31/03/22;92.00;92.00;92.00;92.00;13
FR0010882886;31/03/22;0.945;0.945;0.94;0.94;780
FR0010157115;31/03/22;2.92;2.92;2.92;2.92;250
FR0010492181;31/03/22;13.60;13.60;13.60;13.60;6
FR0010823724;31/03/22;0.0425;0.0425;0.0425;0.0425;1000
PTGVE1AE0009;31/03/22;0.10;0.10;0.10;0.10;135000
IT0005454175;31/03/22;19.00;19.00;19.00;19.00;47
DE000A11Q133;31/03/22;150.00;150.00;147.00;147.00;24
FR0000079691;31/03/22;0.675;0.675;0.675;0.675;1371
FR0000065773;31/03/22;5.35;5.35;5.35;5.35;191
FR0004155208;31/03/22;11.20;11.20;10.50;10.50;436
FR0004157543;31/03/22;4.20;4.20;4.20;4.20;250
FR0010500363;31/03/22;0.995;0.995;0.995;0.995;400
FR0013310281;31/03/22;0.77;0.78;0.77;0.78;422
FR0013266772;31/03/22;1.70;1.70;1.70;1.70;3914
FR0013072741;31/03/22;2.14;2.14;2.14;2.14;1
FR0014003I41;31/03/22;1.9996;1.9996;1.9996;1.9996;511
BE0948608451;31/03/22;1.10;1.10;1.10;1.10;900
FR0000185480;31/03/22;0.95;0.95;0.95;0.95;2783
NL0012650535;31/03/22;0.92;0.92;0.92;0.92;265
FR0013155975;31/03/22;36.00;36.00;36.00;36.00;15
NL0010623518;31/03/22;0.0085;0.0085;0.008;0.008;20801
FR0011776889;31/03/22;4.50;4.50;4.50;4.50;75
BE6201089735;31/03/22;6.30;6.30;6.30;6.30;100
FR0010768770;31/03/22;2.94;2.94;2.70;2.70;663
ZM0000000037;31/03/22;0.90;0.90;0.90;0.90;16476
FR0014005OJ5;31/03/22;6.70;6.70;6.451;6.451;2897
FR0000053076;31/03/22;11.50;11.50;11.10;11.10;235
FR0013247244;31/03/22;0.0301;0.0316;0.0301;0.0315;441948
FR0004152874;31/03/22;2.70;2.70;2.70;2.70;235
FR0014005AC9;31/03/22;8.00;8.00;7.90;7.90;1528
FR0013452281;31/03/22;9.26;9.26;9.14;9.20;4195
FR0010641449;31/03/22;0.125;0.132;0.1215;0.1235;1000088
FR00140072P8;31/03/22;0.0043;0.0046;0.0042;0.0043;6411005
GB00BNKGZC51;31/03/22;1.574;1.576;1.54;1.54;1581
FR0013410370;31/03/22;0.0106;0.0106;0.0097;0.01;36748861
FR0010340711;31/03/22;5.90;5.90;5.90;5.90;13
FR0013284627;31/03/22;2.55;2.56;2.52;2.56;2211
FR0000076887;31/03/22;4.20;4.23;4.05;4.18;4698
FR00140059B5;31/03/22;5.50;5.50;5.44;5.44;230
BE0974334667;31/03/22;2.44;2.45;2.32;2.34;3264
FR0000035305;31/03/22;5.00;5.05;4.82;4.86;3622
FR0010202606;31/03/22;134.00;135.50;133.50;133.50;115
FR0000124414;31/03/22;3.58;3.66;3.52;3.66;7024
FR0011005933;31/03/22;20.96;21.20;20.38;20.48;62899
FR0014003711;31/03/22;6.651;6.788;6.651;6.788;1041
FR0013384369;31/03/22;19.10;19.80;18.80;19.60;227
FR0004174233;31/03/22;29.00;30.00;27.90;29.20;7227
FR0011041011;31/03/22;2.51;2.51;2.51;2.51;1
FR0011365907;31/03/22;31.15;31.45;30.40;30.70;5915
FR0011814938;31/03/22;0.61;0.613;0.599;0.599;15834
FR0012816825;31/03/22;0.2305;0.2336;0.2263;0.2264;770272
FR0004172450;31/03/22;4.26;4.30;4.26;4.30;750
FR0012969095;31/03/22;22.20;23.10;22.10;22.70;1024
FR0010907956;31/03/22;14.50;14.50;12.40;12.40;226521
FR0014007LW0;31/03/22;1.682;1.7098;1.664;1.70;5094
FR0013297165;31/03/22;0.105;0.11;0.105;0.11;1001
FR0013530102;31/03/22;3.745;3.75;3.71;3.71;722
FR0014000JX7;31/03/22;2.935;2.935;2.70;2.78;7527
FR0011716265;31/03/22;2.09;2.115;2.07;2.09;20420
FR0004152882;31/03/22;69.40;71.40;69.40;71.00;1003
FR0010425595;31/03/22;4.14;4.23;4.014;4.178;220430
FR0011071570;31/03/22;11.65;11.70;11.25;11.55;5610
BE0160342011;31/03/22;7.40;7.54;7.24;7.50;13
FR0012788065;31/03/22;37.50;37.60;36.50;36.90;4020
FR0011648716;31/03/22;34.52;35.10;34.16;34.50;10885
FR0013398997;31/03/22;3.57;3.60;3.49;3.51;2419
FR0014004QR6;31/03/22;0.54;0.5475;0.518;0.5255;982489
FR0000185423;31/03/22;16.30;16.30;15.70;15.90;3157
FR0000066961;31/03/22;3.20;3.20;3.20;3.20;13
FR0013066750;31/03/22;0.0374;0.0379;0.0373;0.0374;781784
FR0010879056;31/03/22;0.3015;0.304;0.30;0.304;30075
FR0000054132;31/03/22;49.30;49.80;49.10;49.20;1385
FR0010404368;31/03/22;11.50;11.50;11.50;11.50;200
FR0013283108;31/03/22;88.30;90.00;88.30;89.80;311
FR0012202497;31/03/22;1.184;1.184;1.138;1.138;70
FR0013331212;31/03/22;12.20;12.95;12.20;12.40;12842
FR0010436584;31/03/22;10.60;10.60;10.45;10.45;595
FR0011522168;31/03/22;0.0006;0.0007;0.0006;0.0006;380035573
FR0013088606;31/03/22;0.0532;0.0538;0.052;0.0523;1004809
FR0004030708;31/03/22;3.80;3.82;3.72;3.82;261
IT0005351504;31/03/22;16.90;17.20;16.90;17.20;1000
FR0013534617;31/03/22;10.50;10.50;10.32;10.40;940
FR0010490920;31/03/22;0.529;0.529;0.52;0.529;1292
FR0000075343;31/03/22;7.65;8.30;7.60;8.03;15199
FR0013356755;31/03/22;1.50;1.69;1.50;1.575;71914
FR0011915339;31/03/22;2.105;2.12;2.095;2.115;9343
FR0014004974;31/03/22;7.32;7.46;7.30;7.34;5711
FR0010424697;31/03/22;3.40;3.42;3.34;3.34;1782
FR0010465534;31/03/22;5.02;5.16;5.00;5.02;992
FR0013240934;31/03/22;23.88;23.88;23.14;23.26;22060
FR0011490648;31/03/22;9.70;9.72;9.64;9.64;356
FR0014004362;31/03/22;6.72;6.72;6.64;6.66;604
FR0000035818;31/03/22;173.00;175.60;169.80;170.40;16408
FR0010844001;31/03/22;3.84;3.84;3.84;3.84;1
FR0004034593;31/03/22;0.42;0.43;0.35;0.38;1392
FR0000074759;31/03/22;20.90;20.90;20.70;20.90;195
FR0012419307;31/03/22;42.60;42.60;41.30;41.30;9323
FR0010485268;31/03/22;119.00;120.40;118.40;119.00;492
FR0004187367;31/03/22;7.96;7.98;7.81;7.93;3472
FR0013495298;31/03/22;5.55;5.60;5.40;5.422;79282
FR0011052257;31/03/22;5.06;5.18;5.00;5.08;17637
FR0000079634;31/03/22;0.0075;0.0075;0.0072;0.0074;2826083
FR0004053510;31/03/22;3.68;3.685;3.62;3.63;7616
FR0000033888;31/03/22;192.00;192.00;192.00;192.00;16
FR0012819381;31/03/22;20.50;20.50;20.25;20.50;10532
FR0000060790;31/03/22;16.70;16.70;16.60;16.60;279
FR0011208693;31/03/22;2.44;2.50;2.44;2.50;1238
FR0014005ZM5;31/03/22;8.54;8.78;8.54;8.60;323
FR0013429404;31/03/22;6.65;6.75;6.20;6.20;2242
FR0014007ND6;31/03/22;7.989;7.999;7.94;7.95;6707
FR0000038531;31/03/22;6.08;6.10;6.06;6.10;1772
GB00BMDXQ672;31/03/22;49.00;53.00;49.00;53.00;6676
FR0013451044;31/03/22;20.60;20.90;19.15;19.30;12685
FR0000077562;31/03/22;3.56;3.56;3.51;3.51;84
FR0010396309;31/03/22;16.00;16.00;16.00;16.00;31
FR0014000U63;31/03/22;21.60;21.985;21.11;21.20;1372
FR0000066540;31/03/22;48.50;48.50;47.10;47.10;923
FR0014001PM5;31/03/22;23.95;23.95;23.20;23.90;6255
FR0014007LQ2;31/03/22;11.98;11.98;11.96;11.98;267
FR0004153930;31/03/22;0.1302;0.138;0.1302;0.1378;1461156
FR0012821916;31/03/22;14.40;14.44;13.50;13.50;5171
FR0005854700;31/03/22;5.30;5.30;5.30;5.30;199
FR0000062184;31/03/22;154.00;156.00;154.00;156.00;14
IT0005380602;31/03/22;2.10;2.20;2.10;2.20;236
FR00140048X2;31/03/22;2.64;2.64;2.55;2.55;118
FR0013470168;31/03/22;0.275;0.278;0.27;0.277;82192
FR0013060100;31/03/22;4.66;4.66;4.66;4.66;106
FR0000064297;31/03/22;5.70;5.90;5.44;5.52;4660
FR0011179886;31/03/22;0.4392;0.4392;0.4186;0.4386;69521
FR0010908723;31/03/22;1.26;1.278;1.19;1.24;2616
BE0974299316;31/03/22;19.50;19.60;18.90;18.90;1052
FR0000072597;31/03/22;28.50;28.50;28.30;28.40;2234
FR0014007XT1;31/03/22;1.6998;1.6998;1.60;1.668;35553
FR0010722819;31/03/22;32.30;32.30;30.60;30.80;9609
FR00140069V2;31/03/22;9.52;9.80;9.50;9.70;4441
IT0005380438;31/03/22;9.95;9.95;9.95;9.95;1
FR0004029411;31/03/22;4.00;4.08;4.00;4.07;4843
FR0013374667;31/03/22;0.188;0.1898;0.185;0.186;378748
FR0011038348;31/03/22;2.42;2.42;2.30;2.31;11108
FR0013156007;31/03/22;4.16;4.175;3.875;3.96;51857
ES0105425005;31/03/22;1.96;1.96;1.94;1.94;102
FR0004027068;31/03/22;30.20;30.20;30.00;30.00;203
FR0000075442;31/03/22;32.90;33.05;31.85;32.05;7907
FR0013335742;31/03/22;7.68;7.74;7.60;7.60;4072
FR0000033599;31/03/22;4.38;4.50;4.34;4.49;21285
FR0013308582;31/03/22;8.40;8.50;8.20;8.40;888
FR0010131409;31/03/22;19.12;19.74;18.72;19.00;16193
ES0105089009;31/03/22;3.50;3.50;3.45;3.45;726
FR0000044943;31/03/22;0.348;0.358;0.338;0.35;21792
FR0000060451;31/03/22;374.00;374.00;374.00;374.00;31
FR0000072993;31/03/22;0.163;0.1716;0.1568;0.168;1141206
FR0013400835;31/03/22;2.80;2.92;2.80;2.91;1203
FR0004155687;31/03/22;0.25;0.262;0.242;0.252;11141
FR0010353888;31/03/22;36.35;37.30;36.35;37.00;8321
FR0010844464;31/03/22;3.12;3.19;3.05;3.12;2851
FR0011049824;31/03/22;13.80;14.26;13.62;13.64;36077
FR0010776617;31/03/22;7.65;7.65;7.65;7.65;31
FR0011217710;31/03/22;4.40;4.40;4.36;4.37;594
FR0010204453;31/03/22;12.60;12.60;11.60;11.60;290
FR0011051598;31/03/22;0.75;0.75;0.737;0.737;10199
FR0013270626;31/03/22;4.30;4.30;4.30;4.30;1
FR0010285965;31/03/22;29.70;29.90;29.70;29.80;561
ES0105463006;31/03/22;20.00;20.00;20.00;20.00;1
FR0013053535;31/03/22;3.71;3.74;3.70;3.70;216
FR0010812230;31/03/22;0.4125;0.45;0.4125;0.43;18535
FR0011033083;31/03/22;56.20;58.40;55.80;56.00;2664
FR0004034320;31/03/22;11.25;11.25;11.05;11.25;3811
FR0013462231;31/03/22;3.05;3.07;2.85;3.07;10138
FR0013421286;31/03/22;2.32;2.32;2.26;2.26;392
FR00140077X1;31/03/22;1.01;1.028;0.9905;1.0278;73155
FR0014003XT0;31/03/22;1.565;1.565;1.49;1.49;1468
FR0010457531;31/03/22;0.686;0.70;0.686;0.69;12989
FR0011636083;31/03/22;0.1512;0.1514;0.1462;0.1484;83444
FR0014003J32;31/03/22;5.37;5.57;5.37;5.57;262
FR0013330792;31/03/22;1.186;1.192;1.168;1.168;4540
FR0010397232;31/03/22;2.654;2.70;2.513;2.545;499636
NL0012044762;31/03/22;0.1531;0.1589;0.1531;0.1575;262737
FR0013399359;31/03/22;1.52;1.52;1.325;1.33;241422
FR0004065639;31/03/22;19.40;19.40;19.00;19.00;206
FR0004154060;31/03/22;1.435;1.47;1.405;1.415;19761
FR0004171346;31/03/22;1.04;1.04;0.965;0.988;155716
FR0010330613;31/03/22;7.90;7.90;7.85;7.85;401
FR0014003T71;31/03/22;8.50;8.50;8.38;8.38;552
FR0011766229;31/03/22;9.29;9.30;9.17;9.30;748
FR0010095596;31/03/22;0.366;0.366;0.3515;0.353;62745
FR0000061244;31/03/22;1.795;1.81;1.795;1.80;1531
FR0013318052;31/03/22;1.86;1.86;1.86;1.86;1
FR0013231180;31/03/22;7.75;7.75;7.60;7.70;1255
FR0013204070;31/03/22;2.10;2.10;2.10;2.10;250
FR0010785790;31/03/22;16.75;17.00;16.65;17.00;151
FR0013479730;31/03/22;3.80;3.90;3.80;3.90;2511
FR0013178712;31/03/22;1.426;1.426;1.40;1.40;1231
FR0000061608;31/03/22;26.20;26.40;26.00;26.10;4123
NL0012191662;31/03/22;3.54;3.54;3.54;3.54;1
FR0011191287;31/03/22;0.073;0.0732;0.0678;0.0692;2486425
FR0011651694;31/03/22;5.15;5.298;5.15;5.297;4296
ES0105029005;31/03/22;3.05;3.05;3.05;3.05;1
BE0974302342;31/03/22;0.0998;0.116;0.0968;0.112;12328363
FR0011950641;31/03/22;0.617;0.622;0.599;0.603;115785
FR0000066441;31/03/22;81.50;81.50;79.00;81.50;33
FR0010211037;31/03/22;1.29;1.31;1.25;1.27;26983
FR0013015583;31/03/22;4.64;4.68;4.64;4.67;395
FR0010169920;31/03/22;5.80;6.20;5.80;6.20;1891
FR0010380626;31/03/22;0.258;0.29;0.258;0.28;34686
FR0004044600;31/03/22;9.98;9.98;9.98;9.98;1
FR0010313486;31/03/22;8.66;8.66;8.66;8.66;583
FR0011648971;31/03/22;3.26;3.288;3.24;3.24;31061
ES0105118006;31/03/22;23.20;23.20;23.20;23.20;1
FR0010889386;31/03/22;7.24;7.28;7.14;7.16;1366
FR0011858190;31/03/22;34.30;34.60;34.30;34.50;886
FR0010820274;31/03/22;7.42;7.57;7.08;7.17;156198
FR0000075954;31/03/22;1.82;1.824;1.816;1.82;2173
FR0010523167;31/03/22;3.52;3.54;3.40;3.44;25757
GB00BLG2TX24;31/03/22;0.0205;0.023;0.0175;0.0175;8263447
FR0013467123;31/03/22;0.1284;0.1286;0.126;0.1286;145170
FR0000074775;31/03/22;7.70;7.70;7.70;7.70;522
IT0005353484;31/03/22;0.505;0.505;0.49;0.49;6001
FR0012596468;31/03/22;0.747;0.761;0.741;0.744;33875
FR0011464452;31/03/22;1.05;1.05;1.028;1.03;89925
FR00140043Y1;31/03/22;2.24;2.25;2.20;2.20;10152
FR0011398874;31/03/22;0.0008;0.0009;0.0007;0.0008;152748969
FR0010528059;31/03/22;25.00;25.10;24.60;24.60;497
FR0011053636;31/03/22;1.256;1.273;1.214;1.257;122519
FR0011668821;31/03/22;0.50;0.50;0.46;0.46;1353
FR0004197747;31/03/22;2.20;2.20;2.106;2.176;50517
FR0010120402;31/03/22;1.29;1.30;1.26;1.28;5095
FR0013286259;31/03/22;2.49;2.49;2.45;2.475;13167
FR0000060949;31/03/22;41.60;41.60;41.60;41.60;2721
FR00140062B9;31/03/22;3.00;3.00;2.90;2.99;3961
FR0010397901;31/03/22;5.80;5.80;5.80;5.80;304
FR0010383877;31/03/22;3.02;3.02;3.02;3.02;21
FR0013345493;31/03/22;4.50;4.515;4.47;4.50;5090
FR0000079147;31/03/22;1.97;2.00;1.88;1.905;146070
FR0011884378;31/03/22;1.55;1.55;1.50;1.525;11310
FR0011070457;31/03/22;17.00;17.60;17.00;17.60;148
FR0013263878;31/03/22;16.55;16.65;16.55;16.60;20954
FR0012709160;31/03/22;2.62;2.62;2.62;2.62;1
FR0010337865;31/03/22;4.24;4.24;4.24;4.24;26
FR0011898584;31/03/22;4.75;4.75;4.65;4.65;2446
FR0013254851;31/03/22;6.96;7.02;6.93;7.00;5695
FR0013419876;31/03/22;10.50;10.60;10.50;10.50;1444
FR0004045847;31/03/22;91.80;92.00;88.80;89.00;1406
FR0004155240;31/03/22;0.1898;0.197;0.18;0.185;483143
BE0974387194;31/03/22;4.47;4.47;4.09;4.30;3432
FR0011532225;31/03/22;4.83;4.96;4.80;4.915;2696
FR0010326090;31/03/22;14.50;14.50;14.50;14.50;189
FR0004029478;31/03/22;33.00;33.60;32.80;33.40;4618
FR0013481835;31/03/22;0.2476;0.2478;0.223;0.232;3587581
FR0010766667;31/03/22;12.15;12.30;12.00;12.10;1438
FR0013079092;31/03/22;16.55;16.55;16.15;16.40;1029
FR0010688440;31/03/22;38.20;38.20;37.50;37.50;279
FR0014000P11;31/03/22;25.80;26.00;24.975;24.99;1348
FR0013143872;31/03/22;6.68;6.75;6.68;6.74;4600
