FR0000060402;22/04/22;44.00;44.76;43.00;44.32;83533
FR0000120404;22/04/22;31.21;31.89;30.18;30.18;646847
FR0000045072;22/04/22;10.44;10.574;10.34;10.492;8313543
FR0010340141;22/04/22;143.05;144.30;139.70;141.35;83706
FR0000031122;22/04/22;4.15;4.225;4.082;4.129;3309582
FR0000120073;22/04/22;161.76;162.54;160.02;160.20;697211
NL0000235190;22/04/22;106.04;107.74;104.62;104.66;1516294
FR0004180537;22/04/22;49.05;49.05;48.95;48.95;23117
FR0010313833;22/04/22;112.25;113.75;111.20;111.90;107109
FR0013258662;22/04/22;12.80;12.86;12.60;12.66;90341
FR0010220475;22/04/22;21.80;22.13;21.63;21.78;1187588
FR0000033219;22/04/22;151.20;152.00;149.00;149.80;3505
FR0014004L86;22/04/22;158.60;161.80;157.50;158.00;68511
FR0004125920;22/04/22;61.00;61.45;59.95;60.15;173673
FR0014005AL0;22/04/22;26.72;27.36;26.60;27.06;24702
LU0569974404;22/04/22;38.32;38.90;37.63;37.63;179452
FR0014003U94;22/04/22;6.44;6.44;6.15;6.15;69375
FR0000039216;22/04/22;650.00;650.00;650.00;650.00;1
FR0010481960;22/04/22;116.20;118.60;116.20;118.60;5193
FR0000071946;22/04/22;127.00;130.40;126.40;128.40;30554
FR0000051732;22/04/22;22.46;22.89;22.34;22.68;580538
MC0000031187;22/04/22;67.40;67.60;65.80;67.20;506
FR0004023208;22/04/22;64.60;65.20;64.00;65.20;421
FR0000120966;22/04/22;48.60;48.82;48.14;48.42;35992
FR0000035164;22/04/22;13.30;13.36;13.02;13.26;54482
FR0013280286;22/04/22;92.72;93.26;90.32;90.52;76372
FR0014003FE9;22/04/22;12.70;12.70;12.32;12.43;11337
FR0000120644;22/04/22;55.65;56.08;54.93;55.22;1779443
FR0000131104;22/04/22;51.54;52.64;51.34;51.73;3333002
FR0000039299;22/04/22;4.576;4.628;4.55;4.562;570275
FR0000061137;22/04/22;568.00;570.00;568.00;570.00;13
FR0006174348;22/04/22;26.57;27.41;26.13;26.98;1250986
FR0000120172;22/04/22;19.485;19.965;19.355;19.64;3176363
FR0000125338;22/04/22;192.10;194.20;190.40;192.10;325837
FR0010828137;22/04/22;15.92;16.00;15.60;15.68;70516
US1491231015;22/04/22;205.00;205.00;205.00;205.00;3
FR0000045601;22/04/22;835.00;835.00;835.00;835.00;15
FR0000130403;22/04/22;615.00;620.50;607.00;611.00;8261
FR0000120222;22/04/22;21.80;21.84;21.80;21.80;353310
NL0010949392;22/04/22;5.04;5.22;5.02;5.20;250
FR0000125585;22/04/22;16.16;16.76;15.94;16.46;371420
FR0010667147;22/04/22;11.70;11.85;11.58;11.64;337169
FR0000064578;22/04/22;73.85;74.80;72.80;72.95;134809
FR0000060303;22/04/22;15.60;15.75;15.55;15.70;4057
FR0000120628;22/04/22;26.785;26.995;26.46;26.63;5310933
FR0000053381;22/04/22;9.33;9.425;9.25;9.25;189597
FR0000077919;22/04/22;20.82;21.02;20.62;20.78;92904
FR0000125486;22/04/22;91.11;94.65;91.11;92.90;1395618
GB0002374006;22/04/22;46.20;47.00;46.20;46.40;170
FR0013154002;22/04/22;339.00;340.20;317.30;317.30;72530
FR0014003TT8;22/04/22;40.03;40.575;39.87;40.175;1128047
FR0010908533;22/04/22;48.90;49.50;48.38;48.55;682692
FR0010242511;22/04/22;8.688;8.782;8.62;8.716;3503845
FR0000121667;22/04/22;165.00;169.40;165.00;167.20;676318
FR0011950732;22/04/22;2.88;3.008;2.872;2.98;2073016
FR0012435121;22/04/22;13.78;14.10;13.72;13.97;276805
FR0000120503;22/04/22;32.03;32.32;31.85;32.10;1242156
FR0010208488;22/04/22;12.126;12.164;11.988;12.078;7328004
NL0006294274;22/04/22;79.00;80.34;78.60;79.70;194651
FR0000121147;22/04/22;23.50;23.76;22.70;22.94;1227682
FR0000131757;22/04/22;144.00;145.20;135.30;135.60;137873
FR0014000MR3;22/04/22;89.10;89.50;86.72;89.18;709515
FR0010221234;22/04/22;10.20;10.41;10.14;10.38;326378
FR0012789949;22/04/22;0.502;0.505;0.502;0.505;915901
FR0014005DA7;22/04/22;18.80;18.86;18.60;18.76;2979
FR0013451333;22/04/22;36.60;36.60;34.78;34.98;389221
FR0000130452;22/04/22;95.56;96.76;94.04;94.46;220537
FR0000050353;22/04/22;21.30;21.55;20.45;20.60;32983
FR0000033409;22/04/22;86.00;86.00;85.40;85.40;179
FR0011476928;22/04/22;47.20;48.26;46.26;47.42;72197
FR0013176526;22/04/22;17.50;17.79;17.115;17.255;1675061
FR0000044471;22/04/22;23.50;24.00;23.20;24.00;4226
FR0010533075;22/04/22;17.69;17.985;17.35;17.38;867842
FR0010040865;22/04/22;112.40;113.90;111.10;111.10;110720
FR0000130809;22/04/22;23.88;24.31;23.74;24.045;4077051
US3696043013;22/04/22;84.60;84.60;84.40;84.40;112
FR0011726835;22/04/22;111.00;115.20;105.50;112.80;190135
FR0000121329;22/04/22;124.10;125.75;123.90;124.50;391384
CH0012214059;22/04/22;45.60;47.15;45.60;45.95;74700
MA0000011488;22/04/22;12.60;12.60;12.50;12.50;134
FR0000035081;22/04/22;61.20;61.35;60.25;60.65;59837
FR0010929125;22/04/22;306.50;309.50;299.50;300.00;2359
FR0010259150;22/04/22;110.80;112.60;110.10;110.80;80550
FR0000073298;22/04/22;46.35;48.65;45.75;47.55;117320
FR0004024222;22/04/22;52.00;52.00;51.20;51.80;14012
FR0000121485;22/04/22;516.00;534.50;514.40;529.20;481670
FR0010386334;22/04/22;20.36;20.70;20.18;20.26;134276
FR0000121964;22/04/22;23.33;23.55;22.90;22.90;763577
FR0013204336;22/04/22;89.60;89.60;88.00;88.80;2320
FR0010307819;22/04/22;85.94;87.16;84.58;84.72;480988
FR0000065484;22/04/22;41.00;41.00;39.90;39.90;11237
FR0000121014;22/04/22;638.00;650.00;636.00;639.60;439543
FR0000121204;22/04/22;96.00;97.15;95.40;95.85;77416
FR0000121261;22/04/22;119.35;121.30;118.30;118.80;471597
FR0000130213;22/04/22;25.40;25.44;25.36;25.44;187735
FR0000053225;22/04/22;18.33;18.50;18.20;18.20;75945
US58933Y1055;22/04/22;78.00;80.00;78.00;78.60;160
LU1598757687;22/04/22;30.03;30.50;29.53;29.53;4608870
FR0000038606;22/04/22;23.60;23.65;22.65;23.10;19802
FR0011675362;22/04/22;37.44;37.91;37.13;37.70;957273
FR0000044448;22/04/22;84.00;84.35;82.50;83.95;65999
FR0000120859;22/04/22;37.94;38.92;37.74;38.20;54533
FI0009000681;22/04/22;4.924;4.952;4.859;4.859;191423
FR0010112524;22/04/22;30.30;30.42;30.00;30.04;79257
FR0000062234;22/04/22;1134.00;1134.00;1108.00;1108.00;207
FR0000120321;22/04/22;357.80;360.80;351.40;353.00;421659
FR0000133308;22/04/22;11.026;11.16;10.97;11.106;6091340
FR0000184798;22/04/22;34.62;35.62;34.35;35.00;416413
FR0014005HJ9;22/04/22;21.15;21.62;21.01;21.26;94238
FR0000064784;22/04/22;112.60;112.60;108.60;110.40;4607
FR0012882389;22/04/22;82.50;82.50;79.80;80.30;7607
FR0000124570;22/04/22;15.97;15.98;15.47;15.58;253045
FR0000130577;22/04/22;58.02;58.52;57.64;58.00;688648
FR0000039091;22/04/22;864.00;875.00;854.00;856.00;805
FR0000130395;22/04/22;187.30;190.00;184.60;187.00;65688
FR0000121634;22/04/22;124.00;124.00;122.50;122.50;491
FR0000121121;22/04/22;79.25;79.25;78.10;78.40;85395
FR0000120693;22/04/22;193.25;195.25;191.85;193.65;408863
FR0000052516;22/04/22;45.20;45.20;44.45;44.70;4221
FR0000052292;22/04/22;1229.50;1252.00;1208.00;1232.50;77785
FR0000131906;22/04/22;23.675;25.475;23.135;23.21;3931244
FR0000031684;22/04/22;37.00;37.20;36.90;37.05;10367
FR0013269123;22/04/22;25.91;26.74;25.56;25.70;196301
FR0010451203;22/04/22;20.75;21.00;20.42;20.46;1029743
FR0000073272;22/04/22;107.36;108.72;106.72;106.96;661495
FR0000120578;22/04/22;102.54;102.84;101.14;101.40;2002649
FR0010411983;22/04/22;27.63;27.65;26.79;26.87;371193
LU0088087324;22/04/22;8.60;8.626;8.492;8.626;734089
FR0010282822;22/04/22;88.20;89.00;87.00;88.50;6797
FR0000125007;22/04/22;54.05;55.63;53.85;55.49;1744812
FR0000121709;22/04/22;123.20;124.50;122.90;123.20;71543
AN8068571086;22/04/22;38.35;40.15;35.50;38.85;77169
FR0013199916;22/04/22;131.00;135.00;130.00;133.00;13591
FR0013227113;22/04/22;155.00;155.85;152.65;155.15;52651
FR0000050809;22/04/22;170.50;171.60;169.10;170.80;19646
FR0012757854;22/04/22;22.18;22.58;22.14;22.50;203304
FR0000064271;22/04/22;96.90;96.90;95.80;96.00;1384
NL00150001Q9;22/04/22;13.378;13.496;13.11;13.13;4277201
NL0000226223;22/04/22;35.35;35.89;35.085;35.31;1883478
FR0000121972;22/04/22;145.00;146.08;141.50;142.32;950863
FR0000121220;22/04/22;72.92;74.18;71.94;71.94;257428
NL0014559478;22/04/22;12.36;12.62;12.21;12.40;590513
FR0000051807;22/04/22;340.00;343.80;338.90;340.50;143841
FR0000054900;22/04/22;8.44;8.44;8.30;8.34;385044
FR0013230612;22/04/22;23.25;23.25;22.30;22.35;22284
FR0004188670;22/04/22;12.82;12.82;12.80;12.80;3429
FR0005691656;22/04/22;127.70;128.10;126.20;127.10;22771
FR0000120271;22/04/22;46.445;46.535;45.815;45.87;5622015
FR0000054470;22/04/22;34.20;39.58;33.84;38.43;2629012
FR0000054215;22/04/22;1000.00;1010.00;1000.00;1010.00;210
FR0013326246;22/04/22;70.37;71.35;69.63;69.92;393868
FR0000031775;22/04/22;30.60;31.05;30.15;30.85;44635
FR0004186856;22/04/22;125.40;127.20;125.00;127.20;2575
FR0000124141;22/04/22;28.60;28.98;28.44;28.63;1634307
FR0000031577;22/04/22;375.50;377.50;371.00;372.50;3298
FR0000127771;22/04/22;11.695;11.745;11.405;11.495;2852712
FR0013506730;22/04/22;11.445;11.60;11.185;11.46;996513
FR0004056851;22/04/22;15.305;16.285;15.095;15.41;804862
FR0011995588;22/04/22;19.90;19.90;19.12;19.30;31895
FR0013447729;22/04/22;25.50;26.60;25.20;26.60;257125
FR0013357621;22/04/22;47.70;48.00;47.10;47.55;7454
FR0011981968;22/04/22;35.25;36.34;35.12;35.39;601357
BE0974310428;22/04/22;6.365;6.425;6.215;6.285;129355
FR0014000T90;22/04/22;9.92;9.92;9.90;9.90;989
FR0000062465;22/04/22;15.50;15.60;15.50;15.60;165
FR0010557264;22/04/22;10.61;10.77;10.44;10.51;19427
FR0004040608;22/04/22;7.45;7.48;7.41;7.44;18394
FR0012333284;22/04/22;20.10;20.75;19.84;19.94;9390
FR0014007ZB4;22/04/22;13.50;13.50;13.48;13.48;103
FR0000053027;22/04/22;17.80;17.82;17.08;17.30;5557
FR0000074148;22/04/22;42.20;43.20;42.20;43.10;741
FR0000063737;22/04/22;55.60;56.20;55.20;56.00;9832
FR0011040500;22/04/22;16.85;16.90;16.80;16.85;6761
FR0000074072;22/04/22;15.36;15.38;15.16;15.16;13844
FR0000035370;22/04/22;38.00;38.35;37.55;38.25;3401
FR0000061129;22/04/22;40.00;41.35;39.15;40.25;16114
FR0000063935;22/04/22;16.74;16.84;16.48;16.72;9942
FR0000045528;22/04/22;74.13;76.60;74.13;74.31;392
FR0010193052;22/04/22;8.40;8.45;8.29;8.44;74069
FR0000053324;22/04/22;13.92;15.16;13.30;15.16;106517
FR0000036675;22/04/22;65.20;67.60;65.20;67.40;1990
FR0013181864;22/04/22;1.0895;1.104;1.058;1.088;13118444
FR0000053506;22/04/22;24.05;24.40;23.55;24.40;4391
FR0000045213;22/04/22;63.71;64.45;63.70;64.45;169
FR0013426004;22/04/22;3.65;3.66;3.582;3.60;94773
FR0000185514;22/04/22;18.802;18.802;18.70;18.80;5224
FR0010483768;22/04/22;22.18;22.295;21.985;22.275;1664
FR0000130692;22/04/22;18.23;18.34;17.96;18.23;56267
FR0010417345;22/04/22;2.702;2.702;2.65;2.674;56151
GA0000121459;22/04/22;183.00;183.00;179.50;180.00;636
FR0000036816;22/04/22;26.90;27.30;26.70;26.70;713
FR0011466069;22/04/22;6.90;6.90;6.62;6.67;29929
FR0000031023;22/04/22;105.00;106.00;105.00;105.00;183
FR0000120669;22/04/22;51.60;52.00;50.00;50.80;38993
FR0004110310;22/04/22;64.00;65.60;64.00;65.60;2152
FR0000054678;22/04/22;3.25;3.27;3.23;3.25;12121
FR0004527638;22/04/22;69.00;69.80;68.00;69.80;436
FR0011665280;22/04/22;5.29;5.46;5.28;5.46;28358
FR0014005SB3;22/04/22;3.25;3.29;3.20;3.275;12668
FR0010588079;22/04/22;33.00;33.00;33.00;33.00;80
FR0000030611;22/04/22;13.40;13.40;13.40;13.40;1
FR0000032526;22/04/22;26.80;26.80;25.30;25.40;20265
FR0010501692;22/04/22;7.18;7.24;7.10;7.10;3077
FR0000066672;22/04/22;17.60;17.88;17.60;17.70;16286
FR0004163111;22/04/22;3.62;3.62;3.45;3.45;114198
FR0000062671;22/04/22;19.38;19.50;19.00;19.50;36207
FR0000065971;22/04/22;171.50;171.50;168.00;168.00;272
FR0000066722;22/04/22;13.10;13.30;12.66;12.86;50005
FR0014003VY4;22/04/22;32.60;32.95;29.35;30.50;8607
FR0004159473;22/04/22;30.50;30.80;30.00;30.70;4250
FR0014004J15;22/04/22;9.90;10.00;9.80;9.90;53257
FR0000051393;22/04/22;56.60;56.60;55.80;55.80;284
FR0000030827;22/04/22;232.00;232.00;232.00;232.00;180
FR0000033243;22/04/22;62.20;63.00;62.00;63.00;213
FR0010341032;22/04/22;46.90;47.00;46.90;47.00;427
FR0000071797;22/04/22;54.60;54.80;54.20;54.60;497
FR0010331421;22/04/22;2.812;2.834;2.772;2.78;102737
FR0013233012;22/04/22;9.90;9.99;9.81;9.82;1457
FR0012872141;22/04/22;11.00;11.05;11.00;11.00;1502
FR0000033904;22/04/22;22.10;22.30;21.60;21.90;21670
FR0004007813;22/04/22;29.15;29.15;28.30;28.90;37025
FR0000066607;22/04/22;40.00;40.00;39.60;39.80;16
FR0000032278;22/04/22;0.434;0.4425;0.434;0.441;78982
FR0000038242;22/04/22;21.15;21.20;20.50;20.50;7958
FR0004156297;22/04/22;42.20;43.00;41.00;42.40;1661
FR0004170017;22/04/22;35.80;35.85;35.25;35.55;2497
FR00140006O9;22/04/22;1.15;1.154;1.11;1.118;387598
FR0006864484;22/04/22;88.80;90.00;88.60;89.80;308
FR0000053837;22/04/22;26.15;26.70;26.15;26.40;4064
FR0000030074;22/04/22;545.00;545.00;540.00;540.00;37
FR0000032302;22/04/22;66.40;66.60;66.20;66.60;1862
FR0000051070;22/04/22;4.53;4.61;4.39;4.405;662061
FR0000060873;22/04/22;1.33;1.33;1.30;1.33;3026
FR0011742329;22/04/22;18.84;18.90;18.10;18.46;392904
FR0013153541;22/04/22;17.52;17.74;17.49;17.64;34385
FR0004065605;22/04/22;5.90;5.94;5.43;5.43;82581
FR0010241638;22/04/22;9.45;9.475;9.31;9.31;341601
FR0004177046;22/04/22;5.63;5.85;5.62;5.85;69150
FR0000039620;22/04/22;32.00;32.50;31.80;32.30;24138
FR0013482791;22/04/22;5.92;6.03;5.85;5.91;43933
FR0011341205;22/04/22;6.09;6.09;5.82;5.95;39008
FR0012789386;22/04/22;88.50;88.50;87.50;87.50;137
FR0012650166;22/04/22;13.50;13.92;13.36;13.50;7492
FR0000121691;22/04/22;6.26;6.28;6.18;6.18;3244
FR0004050250;22/04/22;35.80;36.30;35.10;35.85;2502
FR0000060535;22/04/22;186.00;186.00;186.00;186.00;2
FR0012127173;22/04/22;7.70;7.77;7.52;7.54;25224
FR0012612646;22/04/22;19.95;19.95;19.90;19.95;72
FR0011027135;22/04/22;19.10;19.10;18.90;18.90;970
FR0000053514;22/04/22;8.56;9.26;8.56;9.26;200
FR0000061459;22/04/22;96.60;96.60;96.60;96.60;6
FR0000066755;22/04/22;3.86;3.895;3.845;3.89;13889
FR0012432516;22/04/22;2.06;2.18;2.06;2.14;41484
FR0014004EC4;22/04/22;33.40;33.50;33.00;33.00;66
FR0012613610;22/04/22;2.81;2.81;2.71;2.71;39934
FR0000120560;22/04/22;17.10;17.16;16.94;16.95;34763
FR0000060618;22/04/22;3.24;3.24;3.135;3.18;31768
FR0013344173;22/04/22;34.70;35.20;34.70;35.00;41
FR0013379484;22/04/22;7.282;7.60;6.554;6.74;3235736
FR0000060071;22/04/22;214.00;216.00;212.00;213.00;466
FR0000120107;22/04/22;62.00;63.80;62.00;62.50;1440
FR0000052680;22/04/22;13.70;13.80;13.70;13.70;741
FR0000039109;22/04/22;74.00;75.00;73.00;74.90;2453
FR0000032658;22/04/22;37.00;37.00;36.25;36.50;2172
FR0004175842;22/04/22;96.00;96.00;96.00;96.00;10
FR0004155000;22/04/22;3.25;3.25;3.155;3.19;44976
FR0013183985;22/04/22;2.132;2.132;2.076;2.088;119289
FR0000074122;22/04/22;43.90;44.60;43.70;44.00;5680
FR0013214145;22/04/22;6.66;6.935;6.66;6.70;88410
FR0013006558;22/04/22;1.52;1.60;1.50;1.534;487878
FR0004180578;22/04/22;50.70;51.40;50.70;51.20;9303
FR0013505062;22/04/22;3.24;3.266;3.198;3.238;123056
FR0013295789;22/04/22;29.80;30.20;29.40;30.20;1294
FR0013333432;22/04/22;97.30;97.50;95.00;96.00;1931
FR0005175080;22/04/22;2.42;2.42;2.36;2.375;14032
FR0000034548;22/04/22;19.10;19.10;18.90;18.90;620
FR0000050049;22/04/22;5.96;5.96;5.92;5.92;262
FR0000062796;22/04/22;17.75;17.80;17.60;17.75;498
FR0010309096;22/04/22;33.40;33.40;33.20;33.20;26
FR0012532810;22/04/22;36.50;36.60;35.95;36.05;5092
FR0004034072;22/04/22;41.25;41.40;40.60;41.40;2696
FR0013341781;22/04/22;4.705;4.755;4.70;4.72;7396
FR0013185857;22/04/22;16.85;17.00;16.85;16.95;528
FR0012616852;22/04/22;2.04;2.075;1.972;1.982;107136
FR0000064602;22/04/22;0.499;0.499;0.49;0.49;2608
FR0011184241;22/04/22;4.60;4.65;4.55;4.55;8382
FR0012821890;22/04/22;1.89;1.895;1.78;1.80;9635
FR0000053043;22/04/22;19.00;19.30;19.00;19.30;54
FR0013333077;22/04/22;4.22;4.22;4.22;4.22;400
FR0010395681;22/04/22;7.06;7.06;7.06;7.06;128
FR0012789667;22/04/22;2.77;2.77;2.76;2.76;102
FR0012185536;22/04/22;19.30;19.30;19.30;19.30;1
FR0010478248;22/04/22;0.1798;0.1817;0.1771;0.1777;582610
FR0011992700;22/04/22;12.00;12.00;11.90;11.98;1261
FR0000076655;22/04/22;3.835;3.95;3.81;3.95;5206
FR0000039232;22/04/22;10.10;10.35;9.92;10.25;2525
FR0013183589;22/04/22;21.50;21.70;21.50;21.60;619
FR0013529815;22/04/22;0.0098;0.01;0.0094;0.0096;17086519
FR0013258399;22/04/22;1.08;1.08;1.02;1.03;100261
FR0000062341;22/04/22;7.05;7.05;7.05;7.05;2768
BE0974280126;22/04/22;0.365;0.3695;0.3555;0.362;45594
FR0000074254;22/04/22;3.21;3.25;3.16;3.16;1599
FR0010151589;22/04/22;11.10;11.35;11.00;11.00;494
FR0000072894;22/04/22;4.54;4.70;4.50;4.70;4857
FR0000045544;22/04/22;73.99;73.99;73.01;73.01;19
FR0010193979;22/04/22;3.84;3.85;3.835;3.845;6577
FR0006239109;22/04/22;9.25;9.25;9.25;9.25;1
FR0000044364;22/04/22;90.10;90.10;88.00;89.50;200
FR0000037475;22/04/22;0.71;0.71;0.71;0.71;200
FR0000054322;22/04/22;0.095;0.105;0.0752;0.0871;8162451
FR0000045551;22/04/22;67.00;67.50;66.00;66.00;99
FR0004031763;22/04/22;2.30;2.38;2.30;2.38;167
FR0013018124;22/04/22;1.74;1.74;1.674;1.70;63327
FR0000044323;22/04/22;72.69;74.51;72.69;74.01;97
FR0000185506;22/04/22;85.01;86.00;84.56;84.60;174
FR0010461053;22/04/22;50.79;50.79;50.00;50.00;1893
FR0000045239;22/04/22;64.21;64.21;64.20;64.20;47
FR0000050395;22/04/22;5.55;5.55;5.55;5.55;65
FR0000045346;22/04/22;130.00;130.00;129.00;129.98;230
FR0000045304;22/04/22;70.61;71.98;70.00;71.49;238
FR0000064446;22/04/22;10.20;10.20;9.98;10.00;1480
FR0000062978;22/04/22;33.20;35.10;33.10;34.60;6028
FR0000065260;22/04/22;468.00;470.00;468.00;470.00;38
FR0000054199;22/04/22;0.139;0.139;0.135;0.139;3097
FR0000035784;22/04/22;3.05;3.06;3.00;3.05;3174
FR0000076861;22/04/22;1.585;1.615;1.58;1.615;618
FR0011471135;22/04/22;1.234;1.245;1.171;1.199;97078
FR0014003AQ4;22/04/22;61.50;62.00;61.50;62.00;11
FR0011271600;22/04/22;2.87;2.88;2.72;2.79;119894
FR0013030152;22/04/22;54.90;56.30;51.10;53.10;20962
FR0014004X25;22/04/22;17.00;17.00;16.20;16.20;121
SN0000033192;22/04/22;2.64;2.64;2.64;2.64;1
FR0000074197;22/04/22;0.487;0.487;0.487;0.487;1
FR0011277391;22/04/22;0.0284;0.029;0.026;0.0262;523874
FR0000053035;22/04/22;89.50;89.50;84.50;84.50;172
FR0000072373;22/04/22;1.15;1.158;1.11;1.11;136928
FR0004010338;22/04/22;1.80;1.80;1.80;1.80;51
CH0308403085;22/04/22;3.22;3.24;3.22;3.24;551
FR0010214064;22/04/22;42.50;42.50;41.80;41.80;83
FR0011799907;22/04/22;0.102;0.1057;0.101;0.1025;467014
FR0000054231;22/04/22;5.70;5.70;5.62;5.70;4698
FR0000065278;22/04/22;12.35;12.35;12.05;12.35;3449
FR0000066219;22/04/22;50.00;50.00;50.00;50.00;20
FR0000124232;22/04/22;25.005;25.01;25.005;25.01;24
FR0004026151;22/04/22;4.09;4.09;3.93;3.96;137237
FR0000121295;22/04/22;85.80;85.80;85.80;85.80;3
FR0013233475;22/04/22;0.784;0.784;0.76;0.76;48982
FR0012634822;22/04/22;12.60;12.60;12.40;12.40;282
FR0010298620;22/04/22;1.17;1.17;1.17;1.17;362
FR0010609263;22/04/22;0.561;0.585;0.561;0.585;149962
FR00140085W6;22/04/22;27.50;27.50;27.00;27.00;197
FR0000077570;22/04/22;1.26;1.28;1.21;1.222;142281
FR0013018041;22/04/22;1.70;1.74;1.678;1.691;224022
FR0010428771;22/04/22;2.20;2.36;2.17;2.35;103942
FR0000075392;22/04/22;5.60;5.80;5.27;5.40;9830
FR0010609206;22/04/22;0.776;0.776;0.758;0.77;3370
FR0010263202;22/04/22;60.50;60.50;60.00;60.00;48
FR0004038263;22/04/22;4.695;4.79;4.61;4.74;16276
FR0013318813;22/04/22;28.00;28.00;27.00;27.00;134
FR0000074783;22/04/22;8.36;8.39;8.00;8.07;15690
FR0000038465;22/04/22;5.26;5.36;5.26;5.36;250
FR0013252186;22/04/22;5.02;5.15;5.02;5.15;7686
FR0000060121;22/04/22;18.80;18.80;18.80;18.80;300
FR0000061418;22/04/22;27.80;27.80;27.80;27.80;1
FR0011950682;22/04/22;18.60;18.86;18.08;18.42;11678
FR0004016699;22/04/22;27.20;27.60;27.20;27.50;4407
FR0000065864;22/04/22;22.50;22.50;22.00;22.10;285
FR0011289040;22/04/22;29.10;29.50;29.10;29.50;291
FR0007317813;22/04/22;6.70;6.74;6.56;6.56;2298
FR0000066482;22/04/22;63.50;63.50;63.50;63.50;1
FR0000033003;22/04/22;8.35;8.35;8.03;8.12;6070
FR0000073041;22/04/22;6.74;6.78;6.61;6.74;7239
FR0010291245;22/04/22;0.996;1.008;0.972;0.98;98439
FR0010781377;22/04/22;7.65;7.65;7.65;7.65;37
NL0010273694;22/04/22;0.075;0.075;0.075;0.075;1
FR0010979377;22/04/22;1.16;1.16;1.16;1.16;3
FR0013285103;22/04/22;1.95;1.95;1.95;1.95;240
FR0010436170;22/04/22;0.58;0.58;0.58;0.58;153
CH1148983609;22/04/22;13.00;13.00;13.00;13.00;22
CH0451123589;22/04/22;12.10;12.10;12.10;12.10;10
FR0012384907;22/04/22;1.82;1.82;1.82;1.82;1000
FR0000060428;22/04/22;112.00;112.00;112.00;112.00;58
FR0010972091;22/04/22;4.16;4.16;4.16;4.16;66
FR0010882886;22/04/22;1.00;1.00;1.00;1.00;5000
FR0010157115;22/04/22;2.80;3.00;2.80;3.00;4186
FR0010492181;22/04/22;13.60;14.90;13.60;14.90;6
IT0005454175;22/04/22;14.65;14.65;14.65;14.65;90
FR0013371507;22/04/22;0.06;0.06;0.06;0.06;295
DE000A11Q133;22/04/22;151.00;151.00;150.00;150.00;52
FR0006823092;22/04/22;11.30;11.30;11.30;11.30;1
FR0000079691;22/04/22;0.69;0.69;0.69;0.69;1
ES0105590006;22/04/22;12.10;12.10;12.10;12.10;209
FR0000065773;22/04/22;5.00;5.00;5.00;5.00;13
FR0010680033;22/04/22;0.53;0.53;0.53;0.53;10
FR00140007I9;22/04/22;4.90;4.90;4.90;4.90;249
FR0000061657;22/04/22;206.00;206.00;206.00;206.00;2
FR0010500363;22/04/22;1.10;1.10;0.99;0.99;1670
FR0013310281;22/04/22;0.75;0.75;0.75;0.75;57
FR0013266772;22/04/22;3.40;3.40;3.12;3.12;12412
FR0014003I41;22/04/22;1.99;1.99;1.99;1.99;50
BE0948608451;22/04/22;1.05;1.15;1.05;1.15;36403
NL0010623518;22/04/22;0.0095;0.0095;0.0095;0.0095;34001
GB00B8GJBS16;22/04/22;0.0205;0.0205;0.0205;0.0205;1000
FR0011776889;22/04/22;3.82;3.82;3.82;3.82;1
FR0010768770;22/04/22;2.80;2.80;2.80;2.80;40
ZM0000000037;22/04/22;1.06;1.06;1.06;1.06;500
FR0014005OJ5;22/04/22;7.90;8.00;7.70;8.00;4745
FR0000053076;22/04/22;11.70;11.70;11.40;11.70;240
FR0013247244;22/04/22;0.0315;0.0325;0.0306;0.0324;565581
FR0004152874;22/04/22;2.78;2.78;2.78;2.78;3500
FR0014005AC9;22/04/22;8.00;8.09;7.95;8.05;1113
FR0013452281;22/04/22;9.00;9.10;8.90;9.03;17317
FR0010641449;22/04/22;0.1192;0.1192;0.1132;0.1142;273225
IT0005450819;22/04/22;38.00;38.00;38.00;38.00;50
FR00140072P8;22/04/22;0.0018;0.0018;0.0015;0.0017;14519601
GB00BNKGZC51;22/04/22;1.515;1.515;1.48;1.50;3318
FR0013410370;22/04/22;0.031;0.0359;0.0209;0.0259;324553919
FR0010340711;22/04/22;5.95;5.95;5.95;5.95;354
FR0013284627;22/04/22;2.71;2.73;2.69;2.72;1611
FR0000076887;22/04/22;3.80;3.80;3.65;3.65;6464
FR00140059B5;22/04/22;6.34;6.48;6.34;6.40;1079
BE0974334667;22/04/22;2.41;2.42;2.40;2.41;910
FR0000035305;22/04/22;4.81;4.88;4.555;4.88;7480
FR0010202606;22/04/22;143.50;144.00;142.00;142.00;142
FR0000124414;22/04/22;3.48;3.48;3.38;3.44;2011
FR0011005933;22/04/22;19.65;19.69;19.25;19.50;26317
FR0014003711;22/04/22;6.50;6.50;6.46;6.50;650
FR0013384369;22/04/22;23.10;23.50;22.10;22.90;611
FR0004174233;22/04/22;25.90;27.90;25.90;27.00;9330
FR0011041011;22/04/22;2.48;2.48;2.37;2.48;1780
FR0011365907;22/04/22;35.90;35.90;34.80;35.40;2995
FR0011814938;22/04/22;0.53;0.53;0.49;0.519;24441
FR0012816825;22/04/22;0.177;0.1786;0.1628;0.1699;1932642
FR0004172450;22/04/22;3.75;3.75;3.70;3.70;2487
FR0012969095;22/04/22;22.10;22.20;22.00;22.20;431
FR0010907956;22/04/22;10.30;10.41;10.20;10.25;41248
FR0014007LW0;22/04/22;1.298;1.298;1.174;1.18;13035
FR0013297165;22/04/22;0.119;0.119;0.119;0.119;5000
FR0013530102;22/04/22;3.50;3.53;3.49;3.51;1134
FR0014000JX7;22/04/22;3.84;3.88;3.61;3.88;15430
FR0011716265;22/04/22;2.155;2.155;1.946;2.035;126878
FR0004152882;22/04/22;67.00;68.80;67.00;68.00;893
FR0010425595;22/04/22;3.816;3.816;3.618;3.636;173914
FR0013257409;22/04/22;352.00;352.00;352.00;352.00;1
FR0011071570;22/04/22;11.75;12.25;11.40;11.65;6051
BE0160342011;22/04/22;7.80;7.80;7.50;7.72;382
FR0012788065;22/04/22;35.20;35.50;34.60;34.90;2366
FR0011648716;22/04/22;34.50;34.64;33.00;33.00;12044
FR0013398997;22/04/22;3.65;3.88;3.63;3.65;3637
FR0014004QR6;22/04/22;0.4862;0.4866;0.461;0.462;306796
FR0000185423;22/04/22;14.00;14.00;13.50;13.70;742
FR0013066750;22/04/22;0.033;0.0335;0.0315;0.0316;818719
FR0010879056;22/04/22;0.285;0.2875;0.2725;0.2795;105404
FR0000054132;22/04/22;51.60;52.00;51.40;52.00;57
FR0010404368;22/04/22;12.85;12.95;12.75;12.95;836
FR0013283108;22/04/22;85.80;85.80;83.10;83.20;1137
FR0012202497;22/04/22;1.19;1.19;1.16;1.16;1269
FR0013331212;22/04/22;12.40;12.40;12.30;12.35;4353
FR0010436584;22/04/22;10.70;11.15;10.70;11.15;1404
FR0011522168;22/04/22;0.0011;0.0011;0.001;0.0011;256756454
FR0013088606;22/04/22;0.0359;0.0359;0.0334;0.0348;2338991
FR0004030708;22/04/22;3.70;3.80;3.70;3.80;451
FR0013296746;22/04/22;5.70;5.70;5.48;5.55;19244
IT0005351504;22/04/22;17.02;17.02;16.50;16.56;1606
FR0013534617;22/04/22;9.98;9.98;9.72;9.96;1205
FR0010490920;22/04/22;0.508;0.518;0.50;0.518;3473
FR0000075343;22/04/22;8.48;8.59;8.43;8.48;1494
FR0013356755;22/04/22;1.595;1.62;1.56;1.62;13238
FR0011915339;22/04/22;2.02;2.03;1.982;2.00;7875
FR0014004974;22/04/22;8.62;8.62;8.46;8.58;2918
FR0010424697;22/04/22;3.055;3.10;2.935;3.10;6141
FR0010465534;22/04/22;4.86;4.86;4.78;4.78;273
FR0013240934;22/04/22;17.56;17.96;17.36;17.38;65356
FR0011490648;22/04/22;9.30;9.30;9.08;9.16;1690
FR0014004362;22/04/22;6.70;6.74;6.64;6.67;1300
FR0000035818;22/04/22;164.40;167.90;163.30;167.40;11997
FR0010844001;22/04/22;4.18;4.18;4.18;4.18;1
FR0000064164;22/04/22;103.00;103.00;103.00;103.00;18
FR0000074759;22/04/22;21.60;22.20;21.60;22.00;1731
FR0012419307;22/04/22;41.50;41.65;40.75;40.95;1089
FR0010485268;22/04/22;116.20;117.00;115.60;116.40;647
FR0004187367;22/04/22;7.40;7.45;7.38;7.45;5416
FR0013495298;22/04/22;4.80;4.80;4.66;4.712;169147
FR0011052257;22/04/22;4.80;4.835;4.755;4.805;8643
FR0000079634;22/04/22;0.0085;0.009;0.0078;0.0079;39864742
FR0004053510;22/04/22;3.505;3.53;3.45;3.45;10329
FR0000033888;22/04/22;184.00;184.00;184.00;184.00;46
FR0012819381;22/04/22;21.10;21.30;20.75;21.30;3860
FR0000060790;22/04/22;15.00;15.00;14.65;14.65;239
FR0011208693;22/04/22;2.64;2.64;2.50;2.50;4094
FR0014005ZM5;22/04/22;9.10;9.32;9.06;9.06;1105
FR0013429404;22/04/22;6.20;6.20;6.20;6.20;1
FR0014007ND6;22/04/22;8.202;8.299;8.10;8.12;8344
FR0000038531;22/04/22;6.30;6.30;6.00;6.06;14307
GB00BMDXQ672;22/04/22;54.00;54.00;54.00;54.00;1
FR0013451044;22/04/22;18.30;18.32;17.98;18.08;2994
FR0000077562;22/04/22;3.82;3.86;3.82;3.86;1201
FR0010396309;22/04/22;15.80;15.80;15.80;15.80;130
FR0014000U63;22/04/22;20.45;20.80;20.35;20.50;2918
FR0000066540;22/04/22;41.40;41.80;38.40;40.60;2294
FR0014001PM5;22/04/22;23.30;23.30;22.70;22.96;7605
FR0014007LQ2;22/04/22;11.99;12.03;11.97;12.00;3847
FR0004153930;22/04/22;0.1334;0.1339;0.1272;0.1326;781854
FR0012821916;22/04/22;10.82;10.82;10.54;10.78;3250
IT0005380602;22/04/22;2.395;2.395;2.20;2.34;31
FR00140048X2;22/04/22;2.79;2.80;2.79;2.80;554
FR0013470168;22/04/22;0.257;0.257;0.24;0.2435;45068
FR0013060100;22/04/22;5.64;5.88;5.64;5.88;3379
FR0000064297;22/04/22;5.60;5.60;5.46;5.58;1510
FR0011179886;22/04/22;0.42;0.431;0.4195;0.426;33677
FR0010908723;22/04/22;1.215;1.215;1.16;1.215;2093
BE0974299316;22/04/22;18.30;18.30;18.00;18.00;520
FR0000072597;22/04/22;27.30;27.30;26.40;26.90;3755
FR0014007XT1;22/04/22;1.24;1.29;1.24;1.24;15347
FR0010722819;22/04/22;27.25;27.30;25.95;26.75;9351
FR00140069V2;22/04/22;9.68;9.82;9.50;9.50;3305
IT0005380438;22/04/22;8.85;8.85;8.85;8.85;1
FR0004029411;22/04/22;3.92;3.92;3.88;3.88;340
FR0013374667;22/04/22;0.175;0.175;0.159;0.162;1181033
FR0011038348;22/04/22;2.83;2.92;2.745;2.885;59090
FR0013156007;22/04/22;4.415;4.415;4.20;4.21;15429
FR0004027068;22/04/22;29.60;29.60;28.60;29.30;1465
FR0000075442;22/04/22;31.25;31.45;30.60;30.95;12178
FR0013335742;22/04/22;7.60;7.60;7.60;7.60;49
FR0000033599;22/04/22;4.52;4.575;4.50;4.55;10667
FR0013308582;22/04/22;8.30;8.32;7.80;8.14;5966
FR0010131409;22/04/22;18.00;18.00;17.40;17.40;9080
ES0105089009;22/04/22;3.305;3.50;3.20;3.50;3701
FR0000044943;22/04/22;0.328;0.338;0.32;0.338;5018
FR0000060451;22/04/22;394.00;394.00;394.00;394.00;13
FR0000072993;22/04/22;0.1746;0.1764;0.1666;0.1682;488722
FR0013400835;22/04/22;3.26;3.26;3.26;3.26;1
FR0004155687;22/04/22;0.2275;0.2335;0.215;0.2225;42128
FR0010353888;22/04/22;35.15;35.45;34.45;35.30;3138
FR0010844464;22/04/22;4.34;4.44;4.115;4.265;9934
FR0011049824;22/04/22;13.82;13.82;12.54;12.60;58397
FR0011217710;22/04/22;4.24;4.36;4.24;4.36;1131
FR0010204453;22/04/22;11.50;11.60;11.50;11.60;916
FR0011051598;22/04/22;0.694;0.695;0.671;0.684;96856
FR0013270626;22/04/22;4.37;4.48;4.37;4.48;1401
FR0010285965;22/04/22;30.00;30.10;30.00;30.00;2104
ES0105463006;22/04/22;20.10;20.10;20.10;20.10;1
FR0013053535;22/04/22;3.495;3.50;3.495;3.50;28
FR00140050Q2;22/04/22;3.41;3.42;3.35;3.37;2824
FR0010812230;22/04/22;0.421;0.4315;0.4155;0.4155;11133
FR0011033083;22/04/22;60.90;63.10;60.40;60.60;3916
FR0004034320;22/04/22;11.00;11.05;10.85;11.00;2739
FR0013462231;22/04/22;3.17;3.23;3.11;3.12;1891
FR0013421286;22/04/22;2.92;3.00;2.75;2.91;10332
FR00140077X1;22/04/22;0.52;0.52;0.4905;0.5079;109041
FR0014003XT0;22/04/22;1.20;1.22;1.15;1.165;9962
FR0010457531;22/04/22;0.40;0.4125;0.388;0.411;13222
FR0011636083;22/04/22;0.1656;0.1734;0.1656;0.1672;43130
FR0014003J32;22/04/22;5.98;6.00;5.98;6.00;118
FR0013330792;22/04/22;1.115;1.14;1.085;1.14;16764
FR0010397232;22/04/22;2.33;2.40;2.262;2.262;371938
NL0012044762;22/04/22;0.13;0.13;0.1052;0.1122;2086029
FR0013399359;22/04/22;1.082;1.118;1.012;1.038;46792
FR0004065639;22/04/22;20.40;20.40;20.20;20.20;761
FR0004154060;22/04/22;1.36;1.36;1.34;1.34;3200
FR0004171346;22/04/22;0.93;0.939;0.92;0.939;5333
FR0010330613;22/04/22;7.45;7.45;7.45;7.45;11
FR0014003T71;22/04/22;8.44;8.44;7.76;8.40;2828
FR0011766229;22/04/22;8.82;8.82;8.32;8.60;2174
FR0010095596;22/04/22;0.3895;0.40;0.385;0.398;19982
FR0000061244;22/04/22;1.72;1.76;1.72;1.76;441
FR0013318052;22/04/22;1.84;1.87;1.76;1.845;238
FR0013231180;22/04/22;8.08;8.20;8.08;8.12;420
FR0010785790;22/04/22;17.05;17.05;17.00;17.00;186
FR0013479730;22/04/22;3.30;3.495;3.22;3.345;10074
FR0013178712;22/04/22;1.34;1.358;1.32;1.358;4111
FR0000061608;22/04/22;24.00;24.15;23.80;24.00;2448
NL0012191662;22/04/22;3.54;3.54;3.54;3.54;1
FR0011191287;22/04/22;0.055;0.0595;0.05;0.0538;7970701
FR0011651694;22/04/22;5.15;5.15;5.10;5.10;892
ES0105029005;22/04/22;2.99;2.99;2.99;2.99;1
BE0974302342;22/04/22;0.086;0.088;0.078;0.0815;2091894
FR0011950641;22/04/22;0.5085;0.5085;0.485;0.507;195398
FR0000066441;22/04/22;86.00;87.00;84.00;84.00;55
FR0010211037;22/04/22;1.115;1.20;1.115;1.20;16384
FR0013015583;22/04/22;4.68;4.68;4.68;4.68;5
FR0010169920;22/04/22;6.02;6.02;5.92;6.00;147
FR0010380626;22/04/22;0.274;0.274;0.266;0.27;30267
FR0004044600;22/04/22;10.20;10.22;9.85;10.10;436
FR0010313486;22/04/22;8.30;8.74;8.30;8.74;5
FR0011648971;22/04/22;3.18;3.184;3.102;3.104;38197
ES0105118006;22/04/22;23.20;23.20;23.20;23.20;1
FR0010889386;22/04/22;7.30;7.38;7.26;7.38;1668
FR0011858190;22/04/22;35.00;35.00;34.30;34.50;1144
FR0010820274;22/04/22;6.90;6.94;6.71;6.85;47007
FR0000075954;22/04/22;1.772;1.774;1.742;1.742;8206
FR0010523167;22/04/22;3.97;4.09;3.90;4.03;11222
GB00BLG2TX24;22/04/22;0.066;0.0835;0.05;0.058;32978221
FR0013467123;22/04/22;0.1236;0.1236;0.1072;0.1134;664857
FR0000074775;22/04/22;7.55;7.55;7.55;7.55;5
IT0005353484;22/04/22;0.474;0.474;0.474;0.474;1
FR0012596468;22/04/22;0.60;0.60;0.556;0.558;53263
FR0000073728;22/04/22;400.00;400.00;400.00;400.00;2
FR0011464452;22/04/22;1.049;1.061;1.045;1.055;92434
FR00140043Y1;22/04/22;2.18;2.19;1.99;2.03;227794
FR0011398874;22/04/22;0.0007;0.0007;0.0006;0.0006;20411642
FR0010528059;22/04/22;22.20;22.20;22.00;22.00;92
FR0000075673;22/04/22;3.62;3.62;3.62;3.62;10
FR0011053636;22/04/22;1.236;1.25;1.20;1.245;136357
FR0011668821;22/04/22;0.448;0.45;0.448;0.45;191
FR0004197747;22/04/22;2.01;2.095;1.99;2.00;42279
FR0010120402;22/04/22;1.265;1.265;1.245;1.265;960
FR0013286259;22/04/22;2.14;2.235;2.115;2.175;21411
FR0000060949;22/04/22;41.90;41.90;41.90;41.90;2210
FR00140062B9;22/04/22;2.91;2.91;2.88;2.88;1476
FR0013345493;22/04/22;5.00;5.00;4.915;4.97;2731
FR0004166197;22/04/22;27.80;29.00;27.80;29.00;44
FR0000079147;22/04/22;1.68;1.735;1.68;1.735;4150
FR0011884378;22/04/22;1.39;1.39;1.255;1.255;87322
FR0011070457;22/04/22;58.35;58.45;58.35;58.45;5416
FR0013263878;22/04/22;16.74;16.80;16.74;16.76;13358
FR0012709160;22/04/22;2.42;2.42;2.38;2.38;290
FR0010337865;22/04/22;3.98;3.98;3.98;3.98;551
FR0011898584;22/04/22;4.515;4.60;4.51;4.51;90
FR0013254851;22/04/22;6.90;6.90;6.70;6.76;2970
FR0013419876;22/04/22;11.70;12.00;11.40;11.40;1531
FR0004045847;22/04/22;105.00;106.20;104.00;105.80;2101
FR0004155240;22/04/22;0.17;0.1792;0.168;0.1726;523964
BE0974387194;22/04/22;4.40;4.40;4.23;4.23;1708
FR0011532225;22/04/22;5.40;5.57;5.39;5.49;3586
FR0004029478;22/04/22;35.50;37.45;35.40;36.80;7669
FR0013481835;22/04/22;0.1902;0.202;0.19;0.195;1558554
FR0010766667;22/04/22;12.40;12.50;12.26;12.32;1589
FR0013079092;22/04/22;16.35;16.35;15.25;15.25;1435
FR0010688440;22/04/22;40.00;40.60;40.00;40.60;465
FR0014000P11;22/04/22;22.10;22.60;21.80;22.10;832
FR0013143872;22/04/22;7.63;7.80;7.50;7.75;26816
